node435	node407	-9.369913	2.313228	11.648147	7.953213	14.690010	
node435	node409	-3.537953	-1.144126	10.099550	-5.252476	11.797612	
node435	node417	9.153850	9.109391	6.712280	-7.932800	14.816873	
node435	node411	-7.791508	3.951458	10.620635	-3.799268	4.561716	
node435	node405	-3.549577	7.425000	16.387178	1.065232	8.363645	
node435	node410	-8.182373	5.045611	7.266782	-9.897203	8.718849	
node435	node415	-7.116138	10.377959	11.881569	0.321085	8.538762	
node435	node448	0.756272	4.559111	10.327887	5.387230	12.776172	
node435	node439	0.355982	6.882600	6.388618	5.391256	13.211344	
node435	node413	-8.773361	-1.101883	11.317165	-3.862667	11.863906	
node435	node434	-5.130325	10.290773	13.417000	-5.299267	8.777593	
node435	node431	-1.777891	4.278498	15.665726	4.434344	10.002114	
node435	node423	5.299932	6.033468	16.437623	-6.938296	11.256264	
node435	node424	-4.084802	2.613189	13.636231	-3.987623	8.630045	
node435	node420	-8.984853	8.392230	10.445440	-2.192905	9.355523	
node435	node414	0.269283	2.989962	16.878305	-0.877307	4.896818	
node435	node444	6.316419	6.635228	11.292800	-0.867217	9.844535	
node435	node445	1.730793	5.905154	11.234499	-3.813433	14.767348	
node435	node408	-5.091730	11.695141	6.826706	-8.602472	14.464859	
node435	node426	-0.970606	4.235129	12.693290	-1.521970	12.379781	
node435	node432	-3.117411	4.589978	19.670276	0.805099	10.047769	
node435	node404	-1.044240	8.759982	11.501717	-3.880766	12.809694	
node435	node429	3.516166	5.554002	14.725298	-8.940091	16.546751	
node435	node427	-4.516371	6.193598	11.516705	-3.384007	9.725705	
node435	node403	-6.005015	3.535221	11.677358	-7.970309	9.553343	
node435	node425	0.288839	6.623127	9.534437	3.689026	12.427630	
node435	node412	10.214698	9.211475	12.307604	-1.766796	8.604336	
node435	node438	-4.642262	5.206127	13.776151	4.801080	13.005914	
node435	node433	13.458984	10.065117	11.967842	-2.391279	9.938794	
node435	node418	2.506863	3.271845	13.246360	3.162886	12.425824	
node435	node441	6.010195	2.935734	11.807614	0.647788	16.023878	
node435	node401	-3.496776	7.391496	14.295222	-6.784063	11.455281	
node435	node440	2.592606	3.730172	11.586240	-13.767438	15.854617	
node435	node447	-3.372792	7.592691	8.028187	-5.988325	16.129168	
node435	node428	-0.545126	6.611186	13.358054	-13.040918	10.959275	
node435	node450	-4.509372	5.100697	12.479152	-8.504080	13.844511	
node435	node437	-1.143890	9.596156	16.497120	2.478699	13.738834	
node435	node430	-2.712796	10.201113	15.098814	7.724983	9.281857	
node435	node419	3.742329	8.210709	11.067518	0.916181	10.204475	
node435	node436	4.055069	7.734376	11.993583	8.248946	7.281187	
node435	node443	-6.855776	5.570252	9.024343	1.705583	10.708563	
node435	node442	-2.547582	5.354037	14.023710	-10.221314	10.321224	
node435	node449	-1.533284	7.779571	8.978848	-9.039353	11.188756	
node435	node421	1.829679	8.103862	12.438823	-6.308102	15.740645	
node435	node402	3.721295	8.834378	13.344470	5.522891	15.605613	
node435	node406	4.969117	13.793856	14.832100	-2.486728	14.217018	
node435	node422	-2.141413	5.037435	15.224449	-2.153213	14.787470	
node435	node416	-3.345118	6.610626	14.037144	2.619650	9.630071	
node435	node446	1.581710	5.553118	15.632483	-1.014340	10.591807	
node407	node409	-0.091435	4.029318	8.763089	-6.818960	17.188945	
node407	node417	5.050413	3.594813	6.613970	-4.929178	16.707507	
node407	node411	4.416085	3.814795	10.377987	-1.732126	13.484868	
node407	node405	1.974168	-0.213150	11.406941	7.331202	12.863438	
node407	node410	-0.980741	7.387147	4.358679	1.624342	8.995068	
node407	node415	-1.467965	8.380871	7.308901	-2.046892	9.169747	
node407	node448	8.475964	4.665575	6.584496	-1.499857	16.284637	
node407	node439	-2.487832	0.815867	4.128035	4.750288	20.329297	
node407	node413	12.135314	0.293311	10.932110	-1.854641	16.015343	
node407	node434	5.799905	4.761085	7.560952	1.540467	13.259041	
node407	node431	4.731038	5.269063	7.662729	-5.697583	8.863769	
node407	node423	3.903455	5.891127	8.913967	-1.048584	15.319617	
node407	node424	7.011150	1.594452	10.307965	-6.480356	12.775448	
node407	node420	-1.048275	6.060227	8.051385	-2.274371	10.354575	
node407	node414	-1.002443	8.634941	16.017198	0.931371	14.251432	
node407	node444	-8.022129	5.982000	11.903864	-0.431185	14.015321	
node407	node445	-4.798762	3.242347	12.978953	0.763565	19.649385	
node407	node408	-8.822826	13.095052	11.227253	0.954974	18.028845	
node407	node426	3.311678	7.198264	9.180120	-2.611951	19.698701	
node407	node432	6.072040	1.579326	13.390036	0.167986	13.431726	
node407	node404	-1.210105	3.049498	7.730308	4.791319	13.293082	
node407	node429	-4.088620	4.691509	9.419059	4.634322	19.959957	
node407	node427	7.775422	4.521351	10.483952	-1.049290	13.948502	
node407	node403	5.787026	4.227519	8.873090	-5.788673	12.932396	
node407	node425	-8.998998	5.693541	12.133684	6.124816	10.257288	
node407	node412	-1.676581	1.704404	7.242653	4.442110	17.091413	
node407	node438	-6.070399	7.355670	9.794995	1.677312	14.288734	
node407	node433	-4.655372	4.452285	11.072245	-5.878462	14.086103	
node407	node418	-1.548066	2.348883	12.753039	0.085809	17.719864	
node407	node441	7.623084	11.310721	12.432750	-9.541401	16.870002	
node407	node401	1.980741	7.907979	14.938285	2.344108	15.377109	
node407	node440	-5.417056	6.453460	7.407461	-0.376574	18.516081	
node407	node447	6.064641	3.939358	3.815936	0.526619	17.850941	
node407	node428	-0.574245	2.870367	10.421309	-2.946006	16.130436	
node407	node450	-1.136558	4.709292	8.650162	2.101307	19.457586	
node407	node437	-5.307864	4.979078	11.998347	7.496056	13.499588	
node407	node430	-3.464586	7.053189	13.974632	3.303399	19.190312	
node407	node419	5.724702	5.845668	13.333333	-4.635436	18.590849	
node407	node436	-0.348104	10.460738	9.572048	3.972822	16.692043	
node407	node443	2.066587	6.026771	9.368239	2.636626	13.508266	
node407	node442	4.751043	10.552189	12.132948	-1.023472	15.907087	
node407	node449	-3.880250	2.333415	10.336073	-4.725446	15.785694	
node407	node421	-3.612072	3.690847	7.288766	-0.723289	19.037890	
node407	node402	-5.150745	9.281030	17.355251	5.545684	18.558076	
node407	node406	-0.645929	7.194113	12.547852	-5.070825	13.995128	
node407	node422	-6.271800	7.393063	14.604328	-8.275019	22.825628	
node407	node416	0.982822	7.202097	9.324361	0.318656	17.842519	
node407	node446	0.949771	6.242428	13.142637	-8.806589	15.491855	
node409	node417	-3.066503	-0.178307	5.164295	0.442210	25.964548	
node409	node411	-5.154094	-1.357106	17.324540	1.624203	17.681868	
node409	node405	3.976176	-2.660649	10.782792	-1.143626	21.478512	
node409	node410	-9.773679	4.671532	7.959585	-2.549677	11.586760	
node409	node415	0.319224	4.587522	14.778185	6.707959	13.620185	
node409	node448	-4.339739	5.266648	10.894006	-8.132651	19.724048	
node409	node439	-1.455174	-0.565324	10.727912	1.690490	20.471108	
node409	node413	-4.227498	-2.742958	12.019903	0.849247	20.305488	
node409	node434	-0.255277	3.378088	13.375702	0.634197	17.234043	
node409	node431	3.203442	3.455201	19.641642	-1.936367	19.286243	
node409	node423	-3.182315	-0.512285	14.608718	0.658483	18.950923	
node409	node424	1.534609	3.568756	11.256910	6.384436	23.886611	
node409	node420	-3.429531	4.345439	13.647735	-2.828408	15.092202	
node409	node414	-8.137476	4.839012	14.338136	-6.123199	16.204326	
node409	node444	-9.488611	7.255819	12.514980	4.471306	16.981551	
node409	node445	2.819801	-0.239169	10.589855	-8.337386	24.487970	
node409	node408	2.812472	6.439415	8.800709	-0.628871	17.215630	
node409	node426	-1.014341	3.547944	12.169091	-6.579398	19.481126	
node409	node432	-3.309834	-0.052964	13.598470	0.090859	19.348684	
node409	node404	-3.637912	1.764746	19.708408	-1.737591	18.141517	
node409	node429	-2.280717	1.824486	10.587851	-2.786834	28.114262	
node409	node427	-0.573009	1.674520	12.631693	-8.321226	25.375402	
node409	node403	-2.757976	5.347348	11.598761	12.763113	18.551437	
node409	node425	0.586784	0.378494	17.095249	-4.522320	16.340286	
node409	node412	0.156470	0.314173	9.566036	1.898596	21.557509	
node409	node438	-3.328070	-0.379260	16.273223	1.332056	13.956423	
node409	node433	3.112398	-1.734233	14.378346	-2.086925	17.209253	
node409	node418	2.363115	2.398873	13.805887	2.992818	22.912877	
node409	node441	5.300973	-0.684187	13.730021	9.625199	13.777005	
node409	node401	5.813238	1.263241	12.906822	-3.279212	19.990439	
node409	node440	5.550814	-1.195526	9.283934	-1.677992	25.386376	
node409	node447	-6.829377	0.968044	11.442397	8.218074	26.008827	
node409	node428	5.346815	2.934174	12.277533	5.027315	22.886960	
node409	node450	-3.104560	3.514745	10.469594	-8.816722	30.051325	
node409	node437	6.685528	4.686239	14.337977	-9.896385	17.702999	
node409	node430	3.713204	1.034473	16.071384	-2.755627	20.900843	
node409	node419	2.422551	2.608386	7.366948	4.609119	21.618691	
node409	node436	-4.001177	-4.403474	19.556505	4.713721	23.851524	
node409	node443	2.673448	3.664109	8.641118	-4.955749	21.873020	
node409	node442	2.927166	5.477309	14.281281	-7.407850	27.557303	
node409	node449	-3.667453	-1.290043	17.912473	4.930423	24.281064	
node409	node421	4.893043	-1.127598	9.746457	6.921301	27.135501	
node409	node402	5.295538	5.447915	15.639249	-2.999271	17.837030	
node409	node406	0.832470	4.606894	18.858872	-1.089762	22.018325	
node409	node422	-0.609768	5.494780	10.269750	-0.217541	28.064973	
node409	node416	-2.681054	2.813052	20.549690	-10.363672	28.637335	
node409	node446	-5.953057	6.349417	16.970838	6.790305	20.197979	
node417	node411	-3.680606	1.943743	12.040298	5.920570	18.467081	
node417	node405	-3.742835	0.539464	12.107604	-10.565985	16.240968	
node417	node410	-11.277487	4.613175	10.889054	-1.169374	16.539834	
node417	node415	1.304367	7.516968	19.046183	-14.210866	14.763262	
node417	node448	8.322728	4.040650	9.991204	0.013219	14.395999	
node417	node439	-3.678856	3.852999	7.588885	-4.016323	22.448543	
node417	node413	-6.616251	0.034804	14.039897	2.121952	19.089235	
node417	node434	-2.635640	8.700993	16.009492	-4.023040	12.239872	
node417	node431	0.994508	4.422323	10.908374	4.278889	15.640736	
node417	node423	8.127010	6.631834	13.235054	6.943812	20.801301	
node417	node424	9.589126	-1.092064	12.887714	3.806475	20.800993	
node417	node420	-8.117500	7.834070	18.747636	-0.555445	11.867514	
node417	node414	2.984469	1.395722	12.495851	-8.976778	12.454223	
node417	node444	1.929607	2.632977	16.065759	4.978214	12.263361	
node417	node445	6.500881	7.696166	15.818691	7.918940	24.421045	
node417	node408	-6.804087	7.849240	9.517106	-1.005664	21.948779	
node417	node426	-0.499619	2.383404	15.709979	1.036740	21.854831	
node417	node432	-0.450630	2.922915	15.612514	-2.650953	17.008380	
node417	node404	0.438888	8.202523	8.350732	-1.985944	16.518570	
node417	node429	-1.707436	4.726697	12.622457	-7.505315	30.148293	
node417	node427	-5.988059	4.154116	6.448670	7.403620	24.922848	
node417	node403	-2.692636	5.956879	10.484753	7.770964	14.504970	
node417	node425	-2.039255	4.537112	12.939422	0.916086	15.425481	
node417	node412	3.127694	4.255767	14.208603	-3.633689	26.699523	
node417	node438	-0.659656	3.156710	15.239335	-5.333282	16.007090	
node417	node433	7.257379	5.561692	12.027191	-3.817124	12.298578	
node417	node418	0.808919	-0.105192	11.155080	3.211068	21.543682	
node417	node441	6.638555	6.929858	15.315436	0.113942	11.393155	
node417	node401	-3.341669	7.036225	11.676467	-2.723174	21.963271	
node417	node440	-7.345134	6.479338	6.705160	-4.758480	21.690924	
node417	node447	2.045329	8.760837	15.748923	-5.645767	22.037706	
node417	node428	-1.566866	3.030881	10.123049	-1.428679	21.552516	
node417	node450	-12.811010	6.119591	12.295569	2.527182	25.070144	
node417	node437	-10.088702	8.937590	13.779555	-3.304624	15.218119	
node417	node430	0.937400	8.233122	19.458949	-2.387532	19.003792	
node417	node419	-0.022312	5.661113	12.173474	7.205756	22.132776	
node417	node436	3.241069	1.271237	15.595315	-8.469682	19.026859	
node417	node443	-5.360762	4.364921	16.618615	-4.793386	18.690804	
node417	node442	0.435461	4.066573	13.624712	0.189529	21.845315	
node417	node449	-3.934215	8.927511	18.677657	3.966577	20.372821	
node417	node421	7.337063	6.075767	19.047075	7.695125	26.945759	
node417	node402	1.471177	5.646210	18.674380	-0.451647	19.920414	
node417	node406	-1.614263	10.165646	9.968862	-2.240660	23.762472	
node417	node422	10.726559	5.229336	14.876894	-3.808648	25.050794	
node417	node416	8.272420	2.412466	13.924925	-0.073069	22.206345	
node417	node446	-6.958833	3.122954	15.555376	0.087289	17.910159	
node411	node405	-0.918412	5.378789	12.356998	-5.182728	11.070644	
node411	node410	2.986481	4.012140	12.524140	5.732100	12.113018	
node411	node415	2.511861	5.164583	15.989500	-7.295986	9.543314	
node411	node448	-2.176814	5.646335	12.605105	-5.066639	13.425292	
node411	node439	-8.908158	2.178186	12.080528	2.792064	15.097547	
node411	node413	2.809909	6.963285	10.140103	3.817004	9.583962	
node411	node434	10.898340	6.559973	17.443081	1.685222	6.254855	
node411	node431	1.501600	7.078511	12.663362	-1.242299	11.483534	
node411	node423	-0.714666	7.869809	17.812225	5.982377	12.105354	
node411	node424	5.976837	0.512133	15.137929	-0.323415	16.666992	
node411	node420	1.685541	8.563867	19.065528	7.168255	5.768715	
node411	node414	9.903603	8.034650	12.778282	3.881335	12.824299	
node411	node444	1.359937	8.794271	19.534068	9.721617	3.993736	
node411	node445	-7.251571	11.270823	15.693468	-1.067411	20.518611	
node411	node408	-0.321515	1.520923	9.835218	7.734296	6.416668	
node411	node426	0.606973	1.736318	16.503095	0.857732	13.842185	
node411	node432	-7.101870	3.901703	21.313654	-2.601918	9.467891	
node411	node404	1.529931	5.098024	18.793737	2.772640	10.890919	
node411	node429	-8.186599	8.289258	11.229986	-3.141665	19.896385	
node411	node427	4.774563	2.578133	17.411668	-5.220523	20.985089	
node411	node403	6.701440	-0.399977	16.170913	10.035160	6.170762	
node411	node425	-1.579546	5.441165	22.382587	11.592326	8.616836	
node411	node412	-4.831593	8.545211	15.090898	-6.741588	16.768557	
node411	node438	11.710409	9.347330	21.839016	-3.878816	6.396792	
node411	node433	-2.769642	13.483357	16.540565	4.244594	16.453521	
node411	node418	-2.759753	2.928418	12.732336	-4.313452	18.246798	
node411	node441	-4.033632	2.833986	16.675192	2.002955	7.086142	
node411	node401	-0.689806	11.075078	14.219937	-2.840402	15.989642	
node411	node440	-4.298112	3.531086	8.606241	-5.299791	14.433405	
node411	node447	-10.359134	5.163126	12.708329	-3.084537	15.626291	
node411	node428	4.411020	9.980128	15.792684	9.483522	15.458390	
node411	node450	7.053459	3.333523	12.722111	5.864933	17.855042	
node411	node437	1.127960	5.662953	17.626312	-2.645068	10.138297	
node411	node430	4.965547	1.213356	15.910576	-5.689921	18.999697	
node411	node419	-6.086010	1.977052	13.339136	2.357822	15.016965	
node411	node436	-3.771218	7.170996	22.146862	9.768624	12.752728	
node411	node443	2.945648	9.308336	18.021670	-5.035057	16.945286	
node411	node442	-1.811022	7.763217	16.906537	3.458533	14.202183	
node411	node449	4.218992	5.121431	21.635366	15.377918	15.062230	
node411	node421	1.097949	5.668043	14.840920	-8.345182	17.843057	
node411	node402	-0.209898	15.444906	14.905514	1.383741	11.056728	
node411	node406	-3.717245	8.173943	23.430284	-4.942157	11.680645	
node411	node422	-0.286633	4.509416	17.106795	8.134086	20.475153	
node411	node416	-4.886222	8.065147	21.437322	0.552040	16.042356	
node411	node446	-2.752166	13.105870	21.696458	-4.464671	16.014895	
node405	node410	3.091286	4.712981	10.752784	1.757390	10.281594	
node405	node415	-5.601081	6.133929	17.470255	-0.207761	10.280080	
node405	node448	-2.872437	4.433512	14.154893	-0.308377	15.454945	
node405	node439	5.912073	2.074491	12.949057	2.386047	17.521586	
node405	node413	9.288816	5.268324	21.380483	-0.133543	16.945989	
node405	node434	2.812830	7.507299	12.756123	-4.158991	9.044076	
node405	node431	-2.229686	4.501217	16.625669	-4.465957	18.381211	
node405	node423	-5.418303	3.710263	17.058854	6.711833	13.084157	
node405	node424	2.290377	4.223013	14.939967	-2.963076	17.098821	
node405	node420	-5.431740	5.765094	14.475137	-5.400335	13.104476	
node405	node414	-6.193733	7.245514	16.329347	4.878613	14.931663	
node405	node444	-2.272333	5.597822	17.482789	-4.909977	15.404649	
node405	node445	-3.008216	3.428260	14.095053	-2.317302	17.919816	
node405	node408	-2.350161	9.931357	14.853403	-1.564964	14.813719	
node405	node426	-1.739652	4.937065	16.236273	-3.454711	16.414529	
node405	node432	-2.188826	1.936859	25.891483	1.237596	18.751073	
node405	node404	4.035221	2.734521	16.244326	-2.171648	14.166134	
node405	node429	3.923071	3.239834	20.409620	5.029830	21.482442	
node405	node427	2.220660	3.058402	16.206238	-4.759809	17.371189	
node405	node403	-2.347997	-0.200559	13.439636	-1.790718	17.584471	
node405	node425	-6.166362	1.966730	22.979539	-7.996270	13.834795	
node405	node412	-3.858882	8.667517	13.227408	6.294625	14.635373	
node405	node438	4.595429	5.661822	19.149008	5.694676	12.151298	
node405	node433	-0.614510	6.909131	15.148901	-3.214590	14.262123	
node405	node418	-1.832476	6.655768	15.809530	-4.420524	13.574698	
node405	node441	3.846801	0.164189	20.140856	-5.118130	10.926196	
node405	node401	4.463458	9.103676	18.098444	3.727899	16.940361	
node405	node440	3.291594	3.373798	16.306991	-4.388508	21.970968	
node405	node447	-3.411237	2.460882	15.740841	7.889383	21.089883	
node405	node428	4.131177	4.516493	18.943728	-0.323609	21.264805	
node405	node450	5.925118	-0.331568	14.240361	1.790059	19.741050	
node405	node437	-6.570686	3.224707	20.770144	3.990273	9.849617	
node405	node430	-3.097651	3.685064	20.147341	1.943811	15.461600	
node405	node419	1.577704	5.953588	14.785152	-4.792844	21.518751	
node405	node436	-2.305583	7.260412	14.237123	-1.612988	17.266177	
node405	node443	0.404876	4.827432	18.287259	-4.677840	14.588681	
node405	node442	-1.273947	3.389758	21.263257	2.282747	22.308029	
node405	node449	-2.589223	7.515814	13.625714	-1.312257	16.883772	
node405	node421	-4.340040	8.511519	19.728710	1.408726	19.230350	
node405	node402	4.020324	4.308978	23.782023	-1.359966	13.463870	
node405	node406	0.843622	7.082781	20.388799	-6.894692	22.143372	
node405	node422	-3.353183	-0.665026	16.914897	1.694825	17.711503	
node405	node416	-5.196955	4.247070	21.338960	4.716546	18.197881	
node405	node446	2.368949	3.979083	22.381646	-8.073726	19.508918	
node410	node415	6.450803	7.565279	13.295640	-4.198056	9.586992	
node410	node448	13.718640	11.052845	8.494756	-3.586815	10.543870	
node410	node439	6.826227	4.296612	11.498987	-2.965450	10.548234	
node410	node413	4.499344	-0.329519	13.271526	5.192856	6.905400	
node410	node434	8.183180	9.248467	9.874960	-5.410663	7.901907	
node410	node431	2.222940	8.784263	11.340992	-5.531625	11.405684	
node410	node423	0.957013	8.015514	13.462761	-0.654927	13.195383	
node410	node424	-0.374277	7.186820	12.834204	5.168566	10.589522	
node410	node420	12.800654	13.167108	13.190805	9.796628	11.225297	
node410	node414	3.033284	7.967235	13.679709	9.421438	9.644811	
node410	node444	8.410146	14.436163	13.844015	-7.424493	3.631969	
node410	node445	-1.313971	5.383873	8.067425	-2.587310	15.202734	
node410	node408	-0.022621	11.315883	8.877116	1.697988	11.453674	
node410	node426	6.639115	9.354178	14.182881	6.177529	15.636206	
node410	node432	0.045509	2.434288	13.237401	-0.783553	6.187214	
node410	node404	-4.731007	6.972013	8.566788	3.749498	13.524908	
node410	node429	-0.558789	4.059948	7.563216	1.972517	13.596947	
node410	node427	-5.607403	7.412834	9.566888	3.228752	14.872300	
node410	node403	2.055397	11.377203	8.173360	5.619364	4.537012	
node410	node425	8.731172	7.342225	13.154245	3.450088	12.489643	
node410	node412	0.386363	5.922623	12.219925	5.151297	13.532340	
node410	node438	9.943172	5.759890	14.150701	-2.561765	10.275209	
node410	node433	-0.914273	10.834818	9.372593	6.595529	6.741371	
node410	node418	-8.164891	9.184515	10.797220	-9.728545	11.881232	
node410	node441	-8.636218	9.969086	8.133871	-1.928779	6.832345	
node410	node401	1.475598	10.068261	11.673813	8.858821	7.079426	
node410	node440	-0.618649	9.241872	9.671763	-0.069093	14.095737	
node410	node447	5.564407	8.081975	10.340726	7.487450	13.965986	
node410	node428	-11.032169	1.447375	8.850741	1.888730	12.822206	
node410	node450	8.534323	9.542336	10.808098	7.426191	14.992455	
node410	node437	-10.225950	10.432724	14.787212	1.403892	10.735886	
node410	node430	-5.726720	12.090069	11.197686	-1.023979	12.217382	
node410	node419	8.813376	13.084426	12.740010	1.107832	17.433382	
node410	node436	3.151365	6.134897	15.226432	7.735011	7.487494	
node410	node443	14.167137	7.360665	10.564046	-3.554753	10.945420	
node410	node442	0.625164	6.164175	8.779527	12.158193	12.282374	
node410	node449	1.850228	7.703983	12.318065	3.867431	10.768734	
node410	node421	0.386674	9.271372	13.817577	-2.067162	10.771490	
node410	node402	3.814480	13.901856	11.249424	1.441544	11.000939	
node410	node406	3.361527	9.788629	12.004336	-4.405694	15.605480	
node410	node422	-4.118811	6.943878	13.130600	9.191594	9.047631	
node410	node416	-2.681485	10.031535	18.204297	-0.926784	9.548471	
node410	node446	2.182663	6.377154	12.005022	2.030854	13.890581	
node415	node448	3.872605	4.553746	14.770241	-4.357697	11.353026	
node415	node439	0.810930	4.423600	15.613036	2.307596	14.863570	
node415	node413	-3.549944	1.167468	17.545001	5.888750	11.250788	
node415	node434	-2.907278	10.228976	20.069810	-0.754316	13.360966	
node415	node431	2.421697	9.612512	18.977107	-7.932613	11.050610	
node415	node423	1.105692	7.013098	17.918959	-8.167781	10.600314	
node415	node424	0.989640	6.970624	18.044179	-4.117819	10.482934	
node415	node420	10.148625	8.198168	19.884282	-5.892770	8.060366	
node415	node414	4.126169	9.562696	16.911157	-4.326712	5.046206	
node415	node444	0.319067	12.069069	18.757739	-3.403732	10.594071	
node415	node445	0.673208	8.591086	12.775789	-12.085050	17.334725	
node415	node408	6.040486	21.610879	13.885595	3.734193	14.667548	
node415	node426	2.126406	8.742905	20.761321	0.885835	16.360389	
node415	node432	4.562529	2.272683	26.228006	-0.015709	12.700101	
node415	node404	-8.867083	9.444400	20.159712	1.608462	12.000394	
node415	node429	0.065665	10.283312	23.058710	5.713447	15.414772	
node415	node427	-7.360643	7.272986	11.902830	3.529970	12.254129	
node415	node403	4.433974	7.862135	10.372286	-7.125820	12.027868	
node415	node425	2.078104	5.321692	19.890074	-4.096939	13.008895	
node415	node412	3.538586	12.289486	13.726349	6.066170	14.016704	
node415	node438	7.820935	7.487781	19.833081	-9.079412	8.810924	
node415	node433	-2.045864	13.560334	18.943772	1.222169	6.396003	
node415	node418	-4.319103	7.379740	17.712303	0.196704	10.680210	
node415	node441	2.191015	7.355865	15.968516	4.416247	15.644699	
node415	node401	3.447900	12.712894	18.479578	6.709199	11.125325	
node415	node440	-8.222945	2.843985	11.453610	9.967376	14.301307	
node415	node447	5.018945	10.781867	13.372007	5.559300	18.343911	
node415	node428	-0.462923	6.313696	13.602363	-3.407256	12.650777	
node415	node450	-1.785331	10.290630	16.295687	-3.219682	15.722460	
node415	node437	-3.915626	12.309364	19.265744	-6.871870	9.844023	
node415	node430	-4.541975	12.635028	22.877858	3.895071	13.441913	
node415	node419	5.323470	8.740428	16.268498	-3.825315	14.788357	
node415	node436	-5.757901	7.371003	22.271637	-5.599865	12.179898	
node415	node443	-0.234256	16.274125	21.851048	4.706643	16.020391	
node415	node442	-3.703891	13.433164	19.515143	-7.398649	11.659818	
node415	node449	10.718754	8.945165	19.844966	-4.721506	10.957432	
node415	node421	3.583826	7.019108	19.848656	-5.857744	14.934863	
node415	node402	-1.915059	10.749763	24.000184	0.743721	8.187953	
node415	node406	-5.099761	14.192422	16.950458	8.123405	14.325486	
node415	node422	3.680757	7.332816	20.518236	-2.624235	15.746074	
node415	node416	5.168830	10.402254	24.252350	-6.418643	12.878403	
node415	node446	-3.765262	8.329442	19.411422	6.591767	9.935078	
node448	node439	4.521453	7.637473	9.838081	2.167301	16.529853	
node448	node413	1.810205	5.967674	9.143321	-1.926133	14.265760	
node448	node434	2.062856	9.784529	12.806734	-6.248475	10.793188	
node448	node431	5.945951	4.860994	15.345511	0.548431	11.617112	
node448	node423	3.272356	6.559213	9.493476	2.661014	11.281233	
node448	node424	1.566787	11.424702	11.778086	-0.831201	14.359131	
node448	node420	-4.656522	13.973929	13.678673	-3.613667	10.891470	
node448	node414	-1.062299	13.979300	14.438459	1.548987	12.762583	
node448	node444	6.393492	7.963525	13.997915	-15.581132	10.138495	
node448	node445	4.658633	3.028590	14.552386	-2.771806	20.191191	
node448	node408	2.369069	10.115342	8.597396	0.622731	12.785965	
node448	node426	3.747046	5.553358	9.845131	-3.339652	16.016873	
node448	node432	-0.925187	3.917433	15.720095	-3.351353	13.569410	
node448	node404	-6.371072	8.315651	14.987708	-2.362213	12.902236	
node448	node429	-0.788962	7.266236	12.779510	0.143838	17.067399	
node448	node427	-1.377887	8.124279	9.012131	11.706337	15.833563	
node448	node403	-0.329800	6.914591	11.139816	-6.046475	14.021846	
node448	node425	2.496729	8.485514	17.374165	-2.655872	12.383866	
node448	node412	4.451204	9.687057	13.849088	3.220361	13.136952	
node448	node438	-4.105914	9.413450	17.310958	6.287450	11.231869	
node448	node433	2.964412	8.608342	18.749713	-2.780173	16.009124	
node448	node418	-4.255865	9.020880	7.704123	6.801551	16.755998	
node448	node441	0.388264	6.820431	19.102726	-0.915046	13.838229	
node448	node401	5.571997	11.318168	17.246726	-5.609937	14.890666	
node448	node440	-9.137044	11.731837	7.121494	3.721074	16.374397	
node448	node447	3.102797	10.703967	14.176756	-2.469467	20.687677	
node448	node428	-9.624565	7.822433	13.276505	-3.679141	20.131106	
node448	node450	-1.464892	7.276154	12.609528	2.893722	19.017841	
node448	node437	-12.760197	11.682295	14.424302	2.698397	12.353215	
node448	node430	-1.057428	5.503730	8.068078	10.491467	15.980361	
node448	node419	8.781667	12.265514	15.872056	3.976160	18.189620	
node448	node436	2.540731	7.520981	17.153658	-2.866151	14.261710	
node448	node443	1.175868	7.988311	16.438377	5.482293	18.833160	
node448	node442	3.638719	12.481532	18.949092	-5.502495	17.733585	
node448	node449	-3.225340	10.897105	11.988275	-4.044184	17.485665	
node448	node421	2.792336	11.990878	13.940705	3.595879	21.679002	
node448	node402	-4.797045	20.053718	17.037883	-1.933494	15.451526	
node448	node406	2.951111	11.490641	18.346640	-2.778927	17.777031	
node448	node422	-3.679214	5.935417	14.900495	-0.061940	22.879207	
node448	node416	0.137278	10.971596	11.793879	3.806722	17.706310	
node448	node446	4.420105	11.729119	16.873159	-0.592337	16.531224	
node439	node413	9.738527	3.213195	10.307048	-3.848936	18.141562	
node439	node434	-9.720018	1.745355	10.008219	-3.403070	15.529733	
node439	node431	-5.609441	0.447638	11.684623	2.984158	13.365291	
node439	node423	-1.687917	5.320422	11.812184	6.242078	20.337136	
node439	node424	1.343703	4.632791	5.705510	-4.063842	19.219510	
node439	node420	-4.620920	7.609190	11.945036	-2.516195	13.792723	
node439	node414	-3.411804	4.038812	14.575957	-3.469605	12.287302	
node439	node444	6.723225	7.367581	14.407461	-1.339491	11.901533	
node439	node445	-3.468063	4.373000	6.456228	-1.554824	24.047373	
node439	node408	-9.336376	5.744803	8.584952	-1.378753	20.220226	
node439	node426	-1.068292	1.771382	14.469554	-5.594692	19.376797	
node439	node432	-2.856217	1.108050	14.209904	-1.616880	19.395208	
node439	node404	1.913808	8.653664	11.407851	-0.140048	15.749449	
node439	node429	10.021214	6.869485	14.270793	1.110819	21.590813	
node439	node427	-3.455346	6.574296	7.112689	1.163147	17.738702	
node439	node403	-0.408858	6.074794	6.385122	-3.106081	20.410898	
node439	node425	7.728548	1.951364	18.470634	-0.425660	15.618621	
node439	node412	6.270869	10.662895	13.004990	-0.433579	24.144835	
node439	node438	-9.709631	5.472489	16.695644	1.251886	20.899532	
node439	node433	-0.172075	5.851034	9.105370	-0.901683	16.584937	
node439	node418	10.320080	5.499645	10.764055	-1.037037	21.938086	
node439	node441	-2.485737	1.473253	12.111607	-1.074218	17.842176	
node439	node401	-2.046502	6.235587	10.129134	0.473113	20.257047	
node439	node440	5.880270	5.929509	6.916561	0.989232	25.732898	
node439	node447	6.159524	8.771881	13.151352	-0.390246	20.782461	
node439	node428	-1.737381	6.669836	13.176025	-3.458277	24.327848	
node439	node450	-1.050637	5.053696	10.040160	-1.256888	21.305913	
node439	node437	0.195069	8.574785	10.917911	0.956589	15.988038	
node439	node430	-2.771144	4.284170	9.846893	-3.025839	26.759500	
node439	node419	9.510990	2.085449	10.333591	-2.969251	23.962269	
node439	node436	7.532414	11.832564	15.875629	8.538377	21.850714	
node439	node443	0.775002	7.052832	16.306810	1.723665	19.924630	
node439	node442	-2.068934	9.934615	11.124614	0.698178	20.753868	
node439	node449	-1.445380	6.332902	14.427393	2.549403	25.816102	
node439	node421	-9.167880	6.887211	12.760249	-2.517608	27.932628	
node439	node402	-1.072873	10.411975	16.368003	1.171481	19.945536	
node439	node406	0.969687	7.283694	14.577995	-0.327020	22.521759	
node439	node422	-5.170824	8.568599	13.650779	-3.499116	27.954590	
node439	node416	-3.972030	5.256510	17.848892	4.060723	19.090102	
node439	node446	8.360087	6.578762	15.008001	-1.353164	17.045494	
node413	node434	5.126221	8.170285	11.662458	-4.509065	18.329663	
node413	node431	-0.463604	4.129028	19.118296	-3.800226	17.532535	
node413	node423	3.596734	6.170629	17.349666	-2.247805	16.274288	
node413	node424	6.211758	4.503017	14.740241	0.232170	19.600655	
node413	node420	-2.387130	2.702760	18.277998	3.259291	12.902764	
node413	node414	0.212303	9.955238	16.774894	-1.299668	9.317172	
node413	node444	-1.145502	2.906663	18.247351	-1.799344	17.579677	
node413	node445	-11.534989	5.177748	14.186029	-4.506602	20.381362	
node413	node408	0.982658	1.621702	23.267190	4.325793	20.141051	
node413	node426	4.666533	-1.186200	17.850816	9.960935	20.300978	
node413	node432	6.309886	0.290728	21.436387	1.096884	20.581186	
node413	node404	6.702059	6.441038	15.003674	-2.714108	13.648579	
node413	node429	1.518772	4.563225	17.940720	4.406502	20.302546	
node413	node427	10.628596	-2.916394	11.518179	-0.197365	16.560796	
node413	node403	4.763435	0.023890	15.562843	3.721283	21.188931	
node413	node425	-4.340350	0.148647	18.299381	0.670607	13.518419	
node413	node412	-2.277397	6.808370	13.240928	-0.090177	18.748698	
node413	node438	-4.449268	8.445486	17.405897	-6.818232	11.993489	
node413	node433	-10.852574	6.429277	14.080610	0.215691	9.115024	
node413	node418	0.832379	6.298123	23.340411	-2.466167	19.005456	
node413	node441	-3.447511	7.405647	15.165831	1.027105	15.221836	
node413	node401	-4.352028	11.600403	18.840686	5.743136	20.923850	
node413	node440	4.300105	1.314263	17.132800	0.084655	21.861727	
node413	node447	10.305394	2.961203	14.630960	-0.056844	16.037380	
node413	node428	2.370084	7.445413	17.878586	3.835083	19.161497	
node413	node450	7.880500	-2.193591	11.365701	1.268686	22.392029	
node413	node437	-3.753680	0.278342	22.185225	-3.173342	11.574787	
node413	node430	-3.694580	1.808468	23.098778	0.891878	17.291969	
node413	node419	3.919591	-0.042247	14.724105	-0.095371	20.099441	
node413	node436	6.679161	5.196054	15.092436	-2.708813	23.077806	
node413	node443	4.611204	7.565399	14.612493	-1.825345	18.936907	
node413	node442	-3.994354	5.248643	18.783785	2.337003	20.181519	
node413	node449	-2.433566	3.325549	17.127591	2.659688	21.038485	
node413	node421	-15.486430	2.826061	15.542718	-3.451756	20.542868	
node413	node402	-9.253690	3.730315	25.224689	2.981554	13.761147	
node413	node406	2.060245	4.208524	18.228980	-0.699498	21.981723	
node413	node422	-6.107636	-2.018743	17.405075	2.602979	22.839152	
node413	node416	-6.249846	1.921608	24.282934	-0.220541	19.897932	
node413	node446	9.274545	5.407618	17.017042	1.490933	16.737468	
node434	node431	2.194906	12.776042	13.537067	-16.288777	14.960418	
node434	node423	-3.965042	10.636670	18.883206	-0.444700	15.988735	
node434	node424	4.529754	7.974041	11.015963	-0.758505	16.921246	
node434	node420	-5.273363	11.869497	17.151199	-1.043032	15.209786	
node434	node414	7.494686	9.570493	13.993926	6.011673	9.393532	
node434	node444	-1.265825	9.319819	12.581241	13.516490	11.056575	
node434	node445	-6.617937	10.008878	15.234667	-3.699809	16.635663	
node434	node408	9.229697	18.048702	7.664108	4.470180	19.136156	
node434	node426	-4.127038	5.044348	14.292050	-3.936794	19.645873	
node434	node432	3.061320	7.546900	16.314181	5.007407	18.288529	
node434	node404	-0.504234	15.100291	15.623248	11.462269	17.183177	
node434	node429	-6.133722	11.586019	15.184128	5.446623	13.655638	
node434	node427	-2.613870	9.535064	8.036605	-11.259979	12.976912	
node434	node403	-0.193978	7.581941	11.465777	1.549602	18.621685	
node434	node425	-6.949246	10.863360	13.132278	6.321868	16.615225	
node434	node412	-14.714325	11.779418	13.740702	-15.133297	15.122860	
node434	node438	13.962655	10.711938	16.193329	2.367840	13.200582	
node434	node433	-0.391076	16.990593	13.193196	-0.815509	6.416561	
node434	node418	0.161559	12.240841	12.115243	6.861534	17.063478	
node434	node441	-7.626858	13.684718	12.754384	1.681474	14.464489	
node434	node401	7.079060	13.479773	14.082341	5.118660	13.115542	
node434	node440	2.322608	7.935249	2.808302	9.913410	23.106462	
node434	node447	-3.823345	12.164642	11.828183	-9.526797	14.657978	
node434	node428	-2.812356	3.898467	11.417437	4.205559	14.688204	
node434	node450	5.741114	5.312472	8.959952	-5.358669	23.605491	
node434	node437	6.227958	13.882308	17.331664	-9.471115	13.384807	
node434	node430	4.573208	15.061792	14.158877	-2.691981	21.436149	
node434	node419	-2.559391	13.239552	10.676899	-2.855449	16.841772	
node434	node436	5.285190	7.505111	18.151130	-3.513524	17.965155	
node434	node443	5.673906	13.359633	13.714711	2.867976	17.062259	
node434	node442	0.324252	7.710793	15.620068	-0.233295	14.668919	
node434	node449	-2.233027	11.087250	16.217029	1.336999	17.526019	
node434	node421	2.545525	11.022442	9.911931	-6.616492	14.874307	
node434	node402	0.084191	11.856251	16.055731	8.943144	9.507847	
node434	node406	0.203445	14.225414	14.667388	5.059671	14.247156	
node434	node422	-6.947808	6.971746	13.529783	-6.821444	16.756900	
node434	node416	-7.926049	10.666156	16.080142	-7.071150	18.442670	
node434	node446	-0.362644	13.114706	15.180162	6.048509	14.671188	
node431	node423	-4.649417	5.754611	17.804495	-0.202907	12.085560	
node431	node424	-2.544922	5.297767	14.405234	1.856074	18.964268	
node431	node420	3.578527	7.893871	17.642576	-1.400998	12.461321	
node431	node414	1.046670	7.252656	17.113333	-8.712517	8.661141	
node431	node444	-6.043830	9.152247	16.636978	3.181503	11.191283	
node431	node445	3.168109	9.139950	11.617844	6.783702	20.070182	
node431	node408	-4.785498	11.276938	13.699218	-7.030722	14.795759	
node431	node426	1.036133	4.060443	18.354553	0.064919	14.681233	
node431	node432	-2.295147	1.140965	20.215982	2.195233	16.756006	
node431	node404	2.925386	6.778616	22.302226	-15.998321	17.793028	
node431	node429	-3.823940	7.201920	13.975922	-7.715145	19.673288	
node431	node427	6.523116	6.132845	16.596575	11.187418	19.518420	
node431	node403	6.459642	8.488276	15.497580	6.634242	14.845380	
node431	node425	8.410150	6.674367	17.708138	-9.965088	13.175159	
node431	node412	-0.586384	10.406742	12.618587	-3.204764	13.389059	
node431	node438	6.526455	6.944907	19.770875	-1.101127	14.542917	
node431	node433	5.325935	11.449937	15.421766	-4.467507	11.025041	
node431	node418	5.058318	7.088640	16.438497	-6.001148	14.460363	
node431	node441	3.378802	9.900917	21.654980	-1.028140	13.572332	
node431	node401	6.513650	9.391725	20.994786	0.826965	14.243528	
node431	node440	-4.521991	2.931039	12.528232	0.455955	22.346035	
node431	node447	-5.500400	7.841839	16.548730	0.985191	21.063126	
node431	node428	3.652556	6.002423	14.162393	-6.882593	17.898953	
node431	node450	1.141349	2.847680	15.024704	-0.782131	20.964335	
node431	node437	-8.964603	9.109222	26.054609	-3.113770	14.538457	
node431	node430	5.071380	10.016565	20.971647	-8.934969	13.624214	
node431	node419	1.433715	8.953933	12.498130	-4.296882	15.798889	
node431	node436	-0.131072	4.386401	20.121546	-0.974170	14.134396	
node431	node443	4.275854	10.145544	11.317595	-1.965616	14.580186	
node431	node442	8.527580	8.610392	20.637031	-2.285810	21.578521	
node431	node449	6.394555	9.717733	20.121756	-5.058313	16.718733	
node431	node421	-0.761927	8.579995	16.899368	2.480636	17.807946	
node431	node402	-3.741329	9.016982	23.201174	-5.994546	8.811053	
node431	node406	1.610701	9.813399	22.527262	-3.273587	21.230879	
node431	node422	-5.666585	6.879258	14.520395	-5.020696	15.446380	
node431	node416	-6.495764	10.389361	25.687145	-0.425336	16.343869	
node431	node446	0.551933	7.718374	19.821330	-8.893715	17.472630	
node423	node424	6.556601	1.993606	12.305515	2.700347	16.256545	
node423	node420	2.463182	8.623356	22.744318	-3.529053	14.085122	
node423	node414	0.503622	8.252239	17.408069	-1.556869	14.587376	
node423	node444	6.173714	8.736608	18.747586	-9.679448	10.477739	
node423	node445	-6.717988	9.003086	12.586537	2.665233	22.250103	
node423	node408	-3.152327	8.992944	9.798980	-6.733071	18.941464	
node423	node426	9.405007	5.389230	18.683855	-4.451716	17.820047	
node423	node432	6.822537	3.649737	22.476975	6.083070	12.562780	
node423	node404	-13.629663	11.105219	17.802109	-2.312104	16.933395	
node423	node429	-6.036491	4.286485	13.970247	-1.006572	17.492913	
node423	node427	2.260953	3.141439	10.992200	-1.529139	19.071537	
node423	node403	6.599503	4.497882	11.726879	7.271484	12.015994	
node423	node425	-4.061209	7.298561	17.370776	-1.559933	18.044910	
node423	node412	7.232688	7.023814	13.534568	-1.966438	17.802765	
node423	node438	-6.452204	7.403429	18.441814	5.070742	10.702702	
node423	node433	3.467956	13.367252	11.976594	3.348807	7.563323	
node423	node418	-3.716190	4.904370	15.148968	0.580391	16.735378	
node423	node441	-1.265493	7.089253	16.439888	6.928137	10.864884	
node423	node401	-6.444605	12.157636	14.621627	-0.208192	23.401680	
node423	node440	-1.937261	11.449278	9.218130	2.991049	22.796133	
node423	node447	0.999539	9.416382	14.735331	2.571959	17.043463	
node423	node428	-9.749834	6.818015	19.386086	0.340330	17.917436	
node423	node450	-2.530767	8.316096	15.580188	-2.824947	23.882710	
node423	node437	-7.797929	10.365745	21.810701	-1.387753	10.704381	
node423	node430	-0.452176	5.260983	19.585186	2.616537	24.303147	
node423	node419	1.723325	5.836815	13.999926	-2.632708	15.298779	
node423	node436	4.470033	9.660442	18.626456	4.289697	19.648055	
node423	node443	1.443261	10.880792	13.055607	-3.429127	17.483463	
node423	node442	-5.990456	6.778787	16.872485	8.181619	18.807991	
node423	node449	-5.594701	7.749476	17.270798	0.551485	15.855589	
node423	node421	0.884243	6.689843	14.846221	-0.144041	20.572056	
node423	node402	-3.309834	14.341593	15.497617	-5.839000	11.621781	
node423	node406	8.478935	9.512669	12.826931	-6.286327	16.958136	
node423	node422	3.803977	7.810250	17.383014	-5.831188	20.637042	
node423	node416	4.995514	7.464688	21.344971	15.174292	18.522676	
node423	node446	7.642259	10.096136	18.536840	1.871128	15.671553	
node424	node420	-4.678105	7.112896	12.385804	-2.289254	16.127351	
node424	node414	5.634268	7.130831	10.840234	5.471009	10.505008	
node424	node444	-1.248082	7.301319	12.691559	2.514226	12.467980	
node424	node445	-2.763504	-2.768665	12.029518	-4.633093	19.790635	
node424	node408	-13.243265	11.900045	7.774592	2.477868	15.642864	
node424	node426	-0.672789	9.590112	10.442479	-1.399630	19.644192	
node424	node432	2.406617	6.802903	17.137844	-1.573745	17.730897	
node424	node404	0.816084	8.719379	14.049761	4.925012	14.577960	
node424	node429	-5.574128	10.243955	13.487498	-3.932945	17.751901	
node424	node427	9.541059	4.940349	17.108171	-1.991209	21.624267	
node424	node403	9.144331	7.461105	10.941986	7.556330	15.439787	
node424	node425	-6.076511	2.845223	17.347743	-5.200147	15.570514	
node424	node412	-3.977753	8.814065	10.494289	5.182313	19.680150	
node424	node438	4.004400	9.278410	13.182797	0.977605	12.145996	
node424	node433	6.164370	4.710254	17.428887	5.966058	13.528076	
node424	node418	5.185753	14.520229	12.164486	-3.202863	20.624818	
node424	node441	1.703142	10.050875	11.324474	6.450097	8.629559	
node424	node401	-3.908773	8.447076	11.987128	-0.221437	18.192732	
node424	node440	0.801479	1.934779	9.910458	-1.729527	23.223640	
node424	node447	-0.958926	11.662610	8.532973	1.010180	18.461205	
node424	node428	2.320934	5.332816	9.750488	6.489290	19.152864	
node424	node450	-0.405934	9.120830	11.902937	-2.509342	22.407336	
node424	node437	-0.822445	3.762583	14.530002	-4.266305	13.151366	
node424	node430	-6.186297	9.095812	17.953707	5.219581	17.108703	
node424	node419	3.624259	7.716022	12.637001	-0.301043	17.763890	
node424	node436	3.690909	5.230817	15.878000	-0.266867	19.394161	
node424	node443	-4.896889	5.817582	10.180136	-5.191997	18.373380	
node424	node442	-3.450119	5.174988	14.989186	4.371449	20.756927	
node424	node449	3.601267	12.690815	10.619924	3.840240	22.373498	
node424	node421	-1.650314	5.075380	16.233980	0.287934	23.894148	
node424	node402	-5.908929	12.331149	12.924483	-1.898351	12.703480	
node424	node406	-3.186210	8.190175	14.495166	-2.234064	17.730197	
node424	node422	10.918835	2.237031	13.500266	-1.742502	21.570960	
node424	node416	-2.281463	10.467682	17.135502	1.214457	19.561712	
node424	node446	-2.759249	6.739781	15.377835	3.062820	16.827561	
node420	node414	2.896678	9.746262	14.339580	0.777362	11.122918	
node420	node444	1.222533	8.696439	19.428015	-2.078037	13.341841	
node420	node445	1.322557	4.908351	13.112759	-0.146809	12.805024	
node420	node408	1.235607	16.070159	20.275047	0.913000	15.128991	
node420	node426	3.366301	10.584563	18.616496	6.500025	12.066221	
node420	node432	7.002757	3.991256	22.273998	0.909612	8.276607	
node420	node404	-4.124729	10.234434	14.748739	-0.161187	11.632176	
node420	node429	-1.189050	12.880438	14.742073	-0.153880	10.676533	
node420	node427	0.266238	12.051932	10.234934	-4.443381	10.758694	
node420	node403	8.163978	11.207366	15.490202	0.751357	13.452406	
node420	node425	2.573538	10.067022	19.343817	7.378132	16.097571	
node420	node412	4.249224	14.189368	13.142843	1.631949	12.041195	
node420	node438	6.080697	7.685246	15.467238	-2.135442	11.195633	
node420	node433	-8.984012	7.817952	14.106163	1.370200	9.320505	
node420	node418	-8.701815	8.038495	13.878557	-0.721499	15.090326	
node420	node441	0.639999	9.222919	21.210204	-0.003081	4.756989	
node420	node401	0.509937	13.349091	18.887251	6.560141	8.290008	
node420	node440	-2.136044	8.465698	13.023826	-3.730503	20.225486	
node420	node447	7.770642	10.394173	19.185963	2.082369	10.236667	
node420	node428	-2.002962	5.831975	16.963236	4.529887	9.100313	
node420	node450	1.557005	10.724062	17.157818	4.884368	15.359069	
node420	node437	-6.332333	9.307348	17.891186	2.724742	7.935850	
node420	node430	-4.539045	9.993552	18.849768	-1.679467	12.634669	
node420	node419	-1.303133	8.548641	16.252338	0.939487	13.973094	
node420	node436	-3.112875	10.616448	23.794900	6.748872	12.422838	
node420	node443	3.692500	13.469124	15.648644	-1.014376	10.799971	
node420	node442	2.476445	8.535339	19.744945	4.310514	12.083519	
node420	node449	7.290928	9.904530	19.408744	6.531571	12.258260	
node420	node421	3.522360	9.867814	20.870043	-4.272972	9.360270	
node420	node402	-1.643631	16.676268	18.942848	0.110406	9.576369	
node420	node406	-1.021675	15.448885	12.332310	0.558403	15.734843	
node420	node422	3.700287	9.459310	19.915582	10.280928	12.069216	
node420	node416	7.029804	10.448510	20.213689	6.893815	7.994611	
node420	node446	-2.267238	11.777445	19.672203	-0.888924	9.805255	
node414	node444	0.165183	11.968104	18.799981	0.868709	9.410103	
node414	node445	-1.766586	4.482069	14.696190	0.596890	15.866091	
node414	node408	2.086106	12.861612	13.034831	7.693736	13.355080	
node414	node426	-5.827455	6.253161	18.056673	4.052293	8.568764	
node414	node432	6.862742	3.071360	22.390675	-3.059066	12.611418	
node414	node404	-0.334603	8.474159	13.686593	11.461462	11.211535	
node414	node429	-6.449800	7.844658	13.929587	-0.079396	20.221001	
node414	node427	1.291635	3.066309	11.925339	-4.126111	8.321190	
node414	node403	8.607263	4.494736	11.568028	-4.418053	16.739151	
node414	node425	3.592338	6.702053	17.249722	2.861193	9.817048	
node414	node412	-12.826990	5.626039	18.525833	-2.079552	11.239522	
node414	node438	7.071695	10.523883	23.632775	-1.760679	6.453203	
node414	node433	-4.579396	11.865721	17.023690	9.523337	14.644472	
node414	node418	-3.395359	6.858975	19.137409	-3.823843	13.984781	
node414	node441	3.489773	11.475029	20.914320	-2.075816	3.239182	
node414	node401	2.914869	13.389160	20.071042	-5.738100	12.434427	
node414	node440	-3.499497	8.687141	14.685845	-6.152056	16.697595	
node414	node447	2.917588	5.667225	15.172639	4.284767	16.210606	
node414	node428	-11.988271	11.942930	16.999156	0.535835	16.828013	
node414	node450	6.136228	7.697644	15.428636	-1.051943	18.201773	
node414	node437	-4.341073	7.330575	23.269151	1.157651	7.525238	
node414	node430	-0.943538	7.590925	19.150094	0.963487	14.923288	
node414	node419	-7.870804	6.450752	22.527594	-2.643032	15.323267	
node414	node436	-4.164569	8.356532	21.629064	1.843282	8.714428	
node414	node443	-4.094976	13.631887	18.247837	3.645764	12.362932	
node414	node442	-1.729329	13.494663	13.802548	3.329378	19.534739	
node414	node449	8.450108	3.383385	20.126088	5.574324	12.661074	
node414	node421	-4.110149	9.662642	15.481496	-9.129092	11.504648	
node414	node402	-4.424565	11.680035	21.734107	-2.383241	12.929349	
node414	node406	-6.037382	10.320027	19.346006	1.579707	11.047804	
node414	node422	7.865693	5.108282	17.785769	6.297100	21.417917	
node414	node416	-6.520975	4.714342	21.506383	0.398996	11.814452	
node414	node446	-4.556667	9.826927	18.638777	-1.023867	15.117031	
node444	node445	2.712153	6.804353	16.701263	6.544247	9.564667	
node444	node408	0.245808	12.094459	14.753420	7.620640	16.027477	
node444	node426	1.503271	9.351975	20.025763	-1.390742	13.720211	
node444	node432	-2.267489	3.184756	23.445154	-2.494799	14.508919	
node444	node404	-7.324865	10.029063	16.307318	7.579127	6.265278	
node444	node429	2.949456	5.113148	15.712930	-2.793538	14.740906	
node444	node427	-6.318389	2.058379	13.761861	-9.609203	8.178283	
node444	node403	-2.037763	6.748337	17.283264	4.875585	15.155260	
node444	node425	5.833140	6.272640	20.560983	3.962571	10.635352	
node444	node412	2.932770	9.838579	14.572319	-10.889459	13.134497	
node444	node438	-1.227481	9.241784	24.182043	-5.574458	8.871714	
node444	node433	-0.386730	15.299578	18.878575	-5.847978	8.810120	
node444	node418	-5.923943	8.307234	19.109753	-4.181553	14.584832	
node444	node441	-5.622658	7.524691	23.455353	0.235287	11.310841	
node444	node401	-3.773573	12.086567	18.063393	-8.012695	11.577100	
node444	node440	-4.026791	6.850876	14.652284	-9.760640	16.545902	
node444	node447	4.094374	9.654201	17.953458	-6.668454	11.114172	
node444	node428	-7.299644	11.039232	26.008182	7.697545	6.329917	
node444	node450	-2.769003	7.197849	20.625925	-2.079394	16.311737	
node444	node437	-7.055484	12.472293	21.539956	-3.143495	7.331565	
node444	node430	-0.432200	8.118445	22.929787	-11.854608	8.743967	
node444	node419	4.153214	7.273539	18.385317	3.363872	14.720241	
node444	node436	3.341108	4.581004	18.095584	-5.586412	18.424745	
node444	node443	0.062340	12.285392	24.048529	-7.299434	9.990613	
node444	node442	0.025143	13.259867	17.218031	-0.344824	13.728249	
node444	node449	-2.664587	8.024311	22.775767	14.974297	9.482883	
node444	node421	4.622078	8.906085	22.349348	-3.081984	10.891528	
node444	node402	6.029655	16.622051	24.372939	3.373786	9.941800	
node444	node406	6.404206	11.479160	21.737815	0.308162	13.122351	
node444	node422	-1.701841	6.517763	23.734669	-3.126785	17.345716	
node444	node416	6.407289	9.091512	24.365999	-10.363655	12.760760	
node444	node446	14.158613	12.033614	23.554587	-4.514938	10.843684	
node445	node408	-4.295968	3.423099	10.414583	-8.713042	19.899821	
node445	node426	-7.508825	-3.608167	10.844294	-0.820402	20.773082	
node445	node432	-8.167694	0.277638	14.756439	0.171870	18.761535	
node445	node404	0.299258	5.078564	14.768130	-0.935108	25.997341	
node445	node429	-4.532872	4.705318	7.381875	-4.117063	26.724863	
node445	node427	-6.833202	1.489818	6.974639	5.074573	24.487749	
node445	node403	0.358221	4.018373	11.421119	-2.197557	19.694029	
node445	node425	1.554286	1.729904	13.049714	2.333250	18.052263	
node445	node412	-2.002964	10.041009	13.330026	-5.365823	20.049436	
node445	node438	-6.341989	4.016032	12.896916	-1.504276	16.484943	
node445	node433	4.615758	13.082405	18.356934	-6.985760	16.503863	
node445	node418	-6.868215	4.215145	13.067792	2.389085	21.291239	
node445	node441	12.524761	2.347952	17.031007	-3.614764	20.718450	
node445	node401	-0.213978	10.221998	12.692072	-12.528274	23.740915	
node445	node440	-3.907058	2.914882	8.381681	-3.730747	24.591755	
node445	node447	3.520685	10.213485	11.089205	4.255639	28.086594	
node445	node428	-9.523171	4.643489	15.805380	-2.059771	28.758137	
node445	node450	1.279545	4.420190	9.224046	0.362848	28.095333	
node445	node437	-9.030208	8.816158	14.732653	4.284463	21.374399	
node445	node430	0.889006	6.494346	17.922118	-6.814118	24.998138	
node445	node419	-0.684827	3.389239	10.935016	6.158717	22.988847	
node445	node436	2.357425	7.760579	12.413348	-3.235852	22.467185	
node445	node443	-5.159660	8.365579	14.766774	1.945090	23.618357	
node445	node442	4.522255	6.502275	15.407684	6.014242	25.037487	
node445	node449	5.927064	5.238094	19.557120	0.919708	22.350862	
node445	node421	2.480575	8.617221	11.596098	5.435055	26.575164	
node445	node402	7.689318	11.362208	19.477163	-8.937101	21.191201	
node445	node406	-0.668290	8.423875	18.901358	-2.532380	28.270070	
node445	node422	7.348926	10.145100	14.535956	1.254710	30.280271	
node445	node416	4.717631	10.217754	14.034062	3.404521	23.149112	
node445	node446	-4.162080	8.605192	15.660632	0.064087	23.361506	
node408	node426	4.738103	15.306755	14.438137	-3.010455	20.309764	
node408	node432	13.058514	4.862205	16.633959	-8.441347	21.508346	
node408	node404	-11.010701	13.704058	9.674838	8.524793	17.723135	
node408	node429	2.222629	19.899770	12.450907	-2.161632	19.805004	
node408	node427	0.124150	16.095916	8.935870	-0.048358	15.905323	
node408	node403	-8.306541	9.190772	14.122640	2.973522	21.357761	
node408	node425	-3.886842	13.118250	16.063490	10.536243	16.996113	
node408	node412	-10.758355	12.904441	9.184976	-0.902853	17.993562	
node408	node438	3.272789	11.197241	12.137676	-8.728063	15.821325	
node408	node433	-8.497792	11.990832	11.758072	5.648370	4.967470	
node408	node418	-13.691047	14.379555	17.100177	-6.066504	18.303457	
node408	node441	-3.247692	15.414801	15.579478	-8.075787	19.643042	
node408	node401	10.525155	12.115814	21.993630	9.782153	17.038401	
node408	node440	-2.065839	12.331072	16.208146	-5.064515	20.320528	
node408	node447	1.920622	10.341094	11.599666	-8.738206	17.552899	
node408	node428	-3.919078	4.724470	12.391081	5.607389	18.624162	
node408	node450	3.528080	13.922798	8.283252	3.827510	20.127712	
node408	node437	7.922443	19.311636	13.512620	3.645385	13.263743	
node408	node430	4.274790	21.921351	15.893461	1.624942	15.709098	
node408	node419	-0.923201	10.265215	15.059000	-5.625760	18.745620	
node408	node436	-9.139659	14.638148	17.858964	-0.564517	18.310124	
node408	node443	1.149421	20.359116	13.926546	1.736939	14.289789	
node408	node442	-4.112261	18.171973	16.412221	-0.371665	17.930514	
node408	node449	-1.326543	18.604852	13.704427	15.797775	17.232754	
node408	node421	9.146920	13.164374	16.007121	-3.600999	16.995189	
node408	node402	-3.211613	14.303904	23.008753	7.750889	20.317769	
node408	node406	1.977851	18.058897	15.953480	0.088157	21.466290	
node408	node422	0.741622	9.331754	18.627180	2.110255	20.761616	
node408	node416	1.375777	9.120714	19.490069	-4.207416	17.631167	
node408	node446	-0.619048	10.374507	16.351066	-7.266134	15.106990	
node426	node432	2.689048	5.227073	25.015035	5.872941	18.046748	
node426	node404	-2.527016	6.133002	15.184862	-3.327987	15.307906	
node426	node429	4.919394	5.459214	17.920573	6.204273	18.985790	
node426	node427	3.265672	6.669629	11.521252	-2.190976	19.899715	
node426	node403	-7.125288	3.268002	14.005347	-4.228401	16.514875	
node426	node425	0.178923	5.019647	20.050947	-4.071905	17.250620	
node426	node412	4.929923	5.957753	13.922860	1.294132	21.496728	
node426	node438	-0.901039	6.551744	21.455375	-5.777411	13.227496	
node426	node433	3.871221	4.629004	12.099274	2.166607	9.316949	
node426	node418	-3.029108	4.653830	18.749421	1.862424	17.465793	
node426	node441	-8.079167	7.090275	16.465775	3.966950	14.334464	
node426	node401	-1.821149	8.698959	19.402226	5.339603	17.036489	
node426	node440	-3.592072	7.408329	13.196087	3.251861	16.763956	
node426	node447	0.011569	5.428716	14.367161	-0.132576	22.574160	
node426	node428	5.370442	3.613989	15.053016	2.001339	19.799430	
node426	node450	-2.497316	7.040464	16.092521	-5.703344	22.236902	
node426	node437	-3.318279	5.797984	20.299569	2.571192	13.183300	
node426	node430	-5.724419	3.934454	20.241220	-3.027294	19.096188	
node426	node419	2.276935	8.086436	14.702189	1.035889	23.265982	
node426	node436	1.070428	4.527531	20.793915	-1.515616	18.181116	
node426	node443	6.553323	6.001379	18.605380	-2.781472	17.579380	
node426	node442	-6.257996	7.775642	16.527877	1.400921	18.008430	
node426	node449	-4.158207	9.944179	22.422986	-2.464086	18.899252	
node426	node421	-0.702955	2.861086	20.841002	-6.144173	21.885363	
node426	node402	-0.553608	10.124382	21.028881	1.658544	14.912587	
node426	node406	4.690892	9.558631	18.444747	4.612540	17.314604	
node426	node422	0.127540	-0.168899	19.948713	3.193723	16.291763	
node426	node416	-2.576704	5.296463	25.584902	-0.034932	22.412366	
node426	node446	-0.023132	8.220131	21.521888	6.042381	17.102092	
node432	node404	-8.384435	4.670076	20.956641	-6.582199	17.012508	
node432	node429	2.035095	4.468910	23.100951	1.487669	18.956636	
node432	node427	0.040041	2.879153	18.323555	-8.528539	15.803214	
node432	node403	10.730861	-0.237315	16.469445	1.517598	22.437358	
node432	node425	-8.219954	5.564876	26.074257	-3.074763	13.292389	
node432	node412	-3.590851	1.346758	13.536155	-0.140049	16.735240	
node432	node438	3.376172	3.239978	27.783015	-0.491001	14.845220	
node432	node433	-8.747735	6.235816	18.591871	-1.407574	9.031490	
node432	node418	-4.139157	2.058188	17.820546	0.468033	18.477156	
node432	node441	2.409795	2.511937	23.747647	4.789630	19.529735	
node432	node401	7.658982	3.207101	23.553976	-0.115833	19.634696	
node432	node440	3.239939	5.430669	22.943812	3.419782	21.904315	
node432	node447	13.238989	7.418999	17.401824	-0.062347	18.871660	
node432	node428	-7.689790	2.741159	18.711356	-3.628906	23.142870	
node432	node450	5.265061	4.700100	22.219631	-7.175755	20.876254	
node432	node437	-0.410111	5.293866	30.010793	-5.993638	14.717665	
node432	node430	-4.209493	4.283282	27.088828	-0.351184	16.124983	
node432	node419	-3.387379	3.469800	21.929874	-0.784135	19.863099	
node432	node436	-2.779291	2.517023	21.122414	-4.026317	20.280361	
node432	node443	-4.481841	2.188248	23.617866	-4.405501	18.278109	
node432	node442	-2.634333	1.064201	24.199270	-0.189710	20.723671	
node432	node449	1.587214	6.169471	22.238871	-5.281510	21.940068	
node432	node421	-2.576587	5.433852	24.994741	-0.871741	22.859755	
node432	node402	-8.406682	8.195351	24.173286	-2.384419	18.443649	
node432	node406	-0.114228	3.747405	22.494138	0.314394	19.826484	
node432	node422	2.808934	1.691924	21.424219	-1.576582	23.072480	
node432	node416	5.353018	2.250029	24.211533	1.116647	20.973102	
node432	node446	7.549254	5.588855	24.140021	4.812428	19.733298	
node404	node429	0.281235	10.552177	14.185331	-0.642901	17.027500	
node404	node427	6.866029	5.295471	12.768640	-4.346365	19.411944	
node404	node403	1.591963	4.965127	9.064030	-6.763420	15.057253	
node404	node425	1.725289	9.827274	24.091612	7.259101	15.954304	
node404	node412	0.754574	10.985852	10.790465	0.469420	12.882449	
node404	node438	2.474549	10.399705	18.531525	-2.102338	16.850984	
node404	node433	0.974940	14.716691	18.786194	-1.711519	7.930214	
node404	node418	8.585207	9.739045	13.986601	1.322086	14.562918	
node404	node441	-7.323555	13.376196	19.031946	1.892746	20.587463	
node404	node401	-7.338962	12.835191	15.936373	0.683961	13.972991	
node404	node440	4.325186	8.748840	8.601253	-1.597325	19.672045	
node404	node447	-0.016086	12.148731	15.605476	-3.749312	21.827558	
node404	node428	8.302228	9.244799	17.655921	3.852807	21.402348	
node404	node450	4.414816	11.036709	11.716337	3.604075	23.608543	
node404	node437	2.207065	12.185316	19.184538	3.238318	17.956135	
node404	node430	-4.192598	10.771775	19.800596	0.771178	13.602311	
node404	node419	-6.560518	6.834741	8.529346	-0.785129	18.798141	
node404	node436	5.694604	5.842965	17.336162	-0.030580	14.556193	
node404	node443	-0.847874	12.126483	13.816189	2.323047	14.968364	
node404	node442	-0.201723	7.137756	21.168416	5.977492	20.002909	
node404	node449	2.596779	9.381980	20.438649	5.267750	15.769036	
node404	node421	-13.288427	7.587945	15.265034	-1.236863	18.359730	
node404	node402	-1.527137	9.801388	20.595998	3.169691	18.651198	
node404	node406	-2.433893	13.025270	22.497818	1.190562	21.686498	
node404	node422	3.488904	6.208843	14.736623	-2.392402	18.123113	
node404	node416	-2.464194	7.183075	23.722855	-3.103277	18.348778	
node404	node446	-8.256083	11.732073	21.021963	-1.533807	21.642292	
node429	node427	-5.672057	13.521725	14.389814	-2.595473	22.791242	
node429	node403	-7.704204	6.095633	16.200031	-5.649391	17.794821	
node429	node425	1.102962	9.454901	21.895956	-7.879866	15.877768	
node429	node412	1.064047	6.036991	10.247990	-2.626706	21.567728	
node429	node438	-3.825467	6.671982	19.879031	1.997287	17.066913	
node429	node433	-3.342660	8.570229	16.292188	-1.986612	20.002304	
node429	node418	1.403519	10.121470	17.411854	-3.002555	18.793162	
node429	node441	-2.777415	9.117853	16.971174	-8.165468	16.482780	
node429	node401	-0.166772	8.994258	20.090161	2.719757	24.336741	
node429	node440	-0.672358	5.769013	6.697459	10.596376	24.600567	
node429	node447	2.514193	8.711449	14.099177	1.167054	26.026315	
node429	node428	3.005880	3.723944	16.567336	7.113314	22.405382	
node429	node450	-2.126504	8.695844	13.723108	2.961660	26.297463	
node429	node437	-2.119335	10.844806	19.201172	2.915366	13.528349	
node429	node430	-4.495364	14.038179	14.666231	-2.570175	24.284697	
node429	node419	1.447829	2.930637	14.104265	-6.402307	21.593699	
node429	node436	1.529227	9.659859	15.510048	-1.858099	17.004508	
node429	node443	-1.391909	14.613496	16.350844	1.626797	22.352002	
node429	node442	-7.232046	12.179690	18.621995	2.111078	23.163302	
node429	node449	-1.282077	12.203822	11.440126	-2.711148	22.350310	
node429	node421	-1.406787	6.668446	17.262575	-6.134379	25.204666	
node429	node402	-2.923363	10.935041	21.399639	0.828982	18.694162	
node429	node406	-2.285447	11.796891	15.155444	4.127404	21.315358	
node429	node422	-4.583712	2.114801	14.844002	-5.371420	29.803747	
node429	node416	-4.446430	7.071522	19.988844	4.620656	24.894366	
node429	node446	4.232616	6.318369	19.990453	-0.410965	20.636380	
node427	node403	4.511960	9.687378	16.904296	0.666702	11.297114	
node427	node425	-3.161645	9.467059	18.550911	-1.520560	15.223414	
node427	node412	-3.883837	5.471884	11.956518	2.405449	20.093760	
node427	node438	-3.398508	3.914473	17.018258	-1.093819	12.242538	
node427	node433	3.516068	7.138632	13.255383	-5.980029	13.300302	
node427	node418	3.692369	8.404310	11.755768	1.431337	18.950790	
node427	node441	0.683228	4.603739	15.743297	-0.876954	15.095608	
node427	node401	0.706760	3.355032	14.044900	5.750402	20.824345	
node427	node440	-0.150588	8.171090	10.745301	10.906600	19.722968	
node427	node447	-3.311353	3.668207	9.141191	6.207768	23.384694	
node427	node428	6.400204	-2.307193	11.127492	-5.963928	23.078795	
node427	node450	1.585026	6.536037	11.704370	2.390088	24.448991	
node427	node437	4.068105	11.127221	20.343352	1.962763	16.008058	
node427	node430	0.054577	10.103720	13.848103	2.824526	19.080165	
node427	node419	4.989781	12.127146	15.245632	2.487239	20.474739	
node427	node436	-4.557524	8.846895	15.486234	-0.300644	18.398226	
node427	node443	-2.770350	9.928069	13.006430	7.879615	19.717752	
node427	node442	7.480859	7.998181	12.422801	-3.602281	22.917498	
node427	node449	5.014920	8.539055	11.582471	-7.222473	18.439580	
node427	node421	-6.222440	5.753209	15.291860	7.109813	24.986489	
node427	node402	-11.255829	8.786602	10.785254	3.112315	14.671046	
node427	node406	3.676870	9.114361	16.669798	-0.556693	19.725431	
node427	node422	1.959939	7.162057	11.933919	-6.345753	20.984997	
node427	node416	-5.908584	6.555319	16.361363	-2.376018	23.218202	
node427	node446	0.270888	6.914118	17.913058	0.755852	21.018258	
node403	node425	2.327141	4.795244	13.227247	3.148837	18.737413	
node403	node412	-0.706950	7.678695	8.910505	-7.109719	16.393555	
node403	node438	3.268188	4.856608	18.952316	-0.028714	13.361759	
node403	node433	-4.087203	4.770504	14.886082	3.925908	11.500484	
node403	node418	-1.422183	8.468038	17.119629	-7.885072	20.743783	
node403	node441	8.495635	8.872770	17.506221	5.835388	18.259444	
node403	node401	0.357993	6.456212	16.549384	-0.588644	15.173168	
node403	node440	4.078520	3.352034	10.293878	-0.242727	17.388084	
node403	node447	2.849471	7.098041	12.546435	0.968491	17.518319	
node403	node428	-9.663506	0.138028	15.364700	0.485152	23.434477	
node403	node450	12.897450	6.678794	10.425502	1.322894	20.605365	
node403	node437	-5.661208	7.734146	21.103012	-10.355717	13.859212	
node403	node430	0.497891	10.120381	12.786906	-1.629271	19.744222	
node403	node419	-4.067221	8.740412	12.711335	-1.494026	23.150188	
node403	node436	-1.624803	5.338679	16.707501	0.247295	21.050054	
node403	node443	-4.808349	9.561819	13.167184	-9.868449	17.453155	
node403	node442	3.984045	5.367429	13.054836	0.935700	22.962397	
node403	node449	10.333127	4.510929	12.370727	5.236163	23.443594	
node403	node421	-5.250600	4.455490	12.742287	3.472202	15.684237	
node403	node402	-6.886765	6.684325	15.316198	2.420218	17.163631	
node403	node406	-2.910934	6.083386	16.497041	-8.878447	23.930940	
node403	node422	1.158160	11.245739	11.952453	-0.960849	22.179432	
node403	node416	1.873119	9.225315	18.092318	-3.911800	16.903567	
node403	node446	7.136307	3.900870	16.937547	-2.306667	16.161969	
node425	node412	1.871775	3.818457	13.677335	-2.861939	12.164473	
node425	node438	-1.977138	5.458484	25.808819	-3.082347	10.440122	
node425	node433	1.792725	11.984693	19.082989	1.645640	10.299533	
node425	node418	3.063171	4.852199	16.272248	-1.804505	15.126854	
node425	node441	-4.066082	8.085013	21.788923	-0.496764	14.394312	
node425	node401	-2.348742	6.256209	19.124204	2.742858	12.780639	
node425	node440	-1.952713	10.531953	9.722821	-6.244816	18.052836	
node425	node447	-2.565985	5.873815	24.189273	-5.165884	17.339737	
node425	node428	0.050015	6.519977	20.969281	0.203681	15.187117	
node425	node450	-0.792330	6.158056	13.547428	4.185727	19.230604	
node425	node437	-5.160679	12.253911	18.681717	3.448492	13.286097	
node425	node430	2.365000	9.994029	20.794787	1.276844	18.060838	
node425	node419	2.007403	6.699282	14.780550	2.847882	16.015567	
node425	node436	-0.233754	5.881214	24.526298	7.222280	14.968226	
node425	node443	6.292719	8.735019	18.579424	6.404121	15.348473	
node425	node442	3.942058	7.049586	25.001091	3.032385	15.285365	
node425	node449	1.660159	9.678602	19.169598	7.512955	16.070143	
node425	node421	4.535182	10.493045	24.952849	-3.528185	14.723366	
node425	node402	1.989856	10.255518	25.520936	7.935384	11.969553	
node425	node406	3.577012	8.669214	23.415674	-3.456283	14.248490	
node425	node422	-6.778719	4.379419	21.495272	2.548997	16.652118	
node425	node416	-1.849787	6.481461	25.739938	1.805787	13.939471	
node425	node446	1.711595	4.190941	29.512647	-2.567589	14.482608	
node412	node438	-5.494325	11.028730	17.941810	5.345753	16.550590	
node412	node433	3.712103	12.015598	13.410756	-4.238459	11.725835	
node412	node418	4.112170	11.259075	10.478315	5.726435	22.904882	
node412	node441	-1.982022	6.748751	16.005224	2.786782	12.135721	
node412	node401	-4.655832	15.042353	12.886987	5.120133	18.381388	
node412	node440	5.685870	2.839436	9.079907	4.644673	23.832176	
node412	node447	2.666668	14.645140	10.810190	10.092103	16.848026	
node412	node428	9.469128	9.248025	12.885422	2.483542	21.071427	
node412	node450	-5.986642	4.733149	11.195377	3.725682	22.589867	
node412	node437	-4.697576	8.899289	14.225707	10.307920	14.175157	
node412	node430	-3.470801	5.842941	12.842834	6.331497	21.364327	
node412	node419	5.432078	7.380346	16.603118	5.793450	25.106361	
node412	node436	6.811038	11.906436	17.957884	3.683237	22.836068	
node412	node443	2.200165	12.346543	20.034141	0.433059	19.179857	
node412	node442	-0.000396	9.684184	12.629030	-7.085224	21.133705	
node412	node449	-2.009276	12.198892	19.126748	-4.075323	21.718954	
node412	node421	5.796876	11.214019	14.508723	8.517070	26.082216	
node412	node402	-1.889149	13.407546	14.816691	-2.097784	14.636743	
node412	node406	6.710909	12.789823	17.173919	-1.907260	20.626948	
node412	node422	-3.508496	11.396556	15.970030	2.815846	23.924252	
node412	node416	9.742566	15.655622	17.099603	4.722839	18.298927	
node412	node446	-2.772258	15.338812	15.970840	0.423671	17.697475	
node438	node433	0.865369	11.324118	18.090928	-1.018711	9.915032	
node438	node418	2.174850	8.119358	17.714620	7.059057	14.735400	
node438	node441	-8.600774	12.650976	23.396098	-1.847888	14.896571	
node438	node401	5.701528	13.457914	21.055070	-5.743831	10.052971	
node438	node440	-2.389814	5.087024	13.966257	4.615056	18.955319	
node438	node447	-7.551595	5.250681	20.547992	1.541057	15.541670	
node438	node428	4.707575	7.088836	20.223691	4.748247	15.819306	
node438	node450	1.972028	3.566835	16.802284	1.829874	14.828332	
node438	node437	1.460133	6.548231	26.731225	5.764720	14.112328	
node438	node430	1.536662	4.557744	20.411837	-1.151014	15.429955	
node438	node419	-4.992367	5.604395	20.264006	3.922933	17.225059	
node438	node436	-5.374322	10.548723	25.015153	6.270557	12.657650	
node438	node443	4.941101	8.789754	23.175606	0.697288	11.338834	
node438	node442	0.030857	10.085752	19.712691	-4.926301	15.105184	
node438	node449	4.942056	6.995946	21.832979	-6.750340	16.926250	
node438	node421	0.213430	4.849134	21.364186	7.707777	18.006013	
node438	node402	3.261912	11.839986	24.005087	-0.062780	15.570882	
node438	node406	-3.427150	8.033283	24.365008	-1.561132	20.352849	
node438	node422	4.626411	4.311333	18.432633	-2.821340	18.036933	
node438	node416	2.904762	9.775433	26.246396	5.204326	15.085997	
node438	node446	-1.918167	11.977048	25.633772	0.614606	12.614348	
node433	node418	10.428405	11.282553	14.344706	-7.150023	16.216568	
node433	node441	-3.582003	11.005725	21.228587	-0.974694	8.186747	
node433	node401	-0.949345	14.428686	16.957097	0.094290	13.613760	
node433	node440	4.427343	8.515394	8.142234	-3.378784	17.770257	
node433	node447	-11.486132	14.102654	11.052660	-4.717112	18.552607	
node433	node428	3.448362	8.672485	19.200669	-2.288764	16.036774	
node433	node450	-5.438604	9.159290	14.137133	-0.328040	15.925207	
node433	node437	6.459574	18.650920	20.242041	0.007959	12.663488	
node433	node430	-5.819967	14.236049	18.872939	2.240540	19.504537	
node433	node419	3.954154	11.192617	16.837209	-6.997879	16.900385	
node433	node436	9.038266	9.633980	17.502787	4.006969	10.641255	
node433	node443	-2.890822	18.740733	19.223269	-0.998547	15.125566	
node433	node442	2.190155	11.016322	18.441580	6.411028	15.101663	
node433	node449	1.020945	12.242204	18.294641	2.029561	15.642738	
node433	node421	2.768858	11.787643	12.563305	-11.443918	19.485537	
node433	node402	5.167184	18.450838	18.053641	-2.468992	12.231351	
node433	node406	8.058480	10.831667	20.067975	2.363496	10.807522	
node433	node422	2.850306	6.191198	15.125081	8.859774	22.052509	
node433	node416	-12.301885	11.326571	23.679004	2.980597	11.417641	
node433	node446	-4.750508	14.347617	15.599307	3.350193	17.154928	
node418	node441	-8.650042	10.501196	14.953351	4.991287	15.074810	
node418	node401	-0.359886	12.391622	16.678040	-1.290541	18.317551	
node418	node440	8.710900	6.268180	11.770785	8.693095	25.192182	
node418	node447	-6.969191	11.808385	13.265530	1.287457	15.692629	
node418	node428	9.839019	2.204180	18.338166	5.043276	20.249009	
node418	node450	-4.493325	8.263069	10.483899	-5.738574	24.141744	
node418	node437	12.199987	8.550654	18.457644	1.624001	17.624219	
node418	node430	8.043255	12.783739	20.145830	4.236718	22.241851	
node418	node419	-1.216186	8.057893	12.523363	8.418204	21.425013	
node418	node436	8.178335	10.048686	17.159087	2.035455	22.864655	
node418	node443	1.732798	10.916825	13.492814	4.531648	19.836891	
node418	node442	2.429044	4.415599	13.885925	-10.526185	19.739921	
node418	node449	-1.203980	9.571189	15.755954	-6.557468	23.467339	
node418	node421	-5.768526	7.903466	13.681936	4.664864	21.965678	
node418	node402	-2.958165	9.510848	22.949276	-2.230068	19.650491	
node418	node406	2.395720	7.115173	19.279966	2.380183	22.081390	
node418	node422	-2.743626	7.993493	18.066377	0.099978	26.349641	
node418	node416	-4.005221	11.226700	24.549902	-1.806790	17.923089	
node418	node446	1.044350	11.784845	18.659976	7.786103	20.034672	
node441	node401	6.081949	10.113997	22.977528	-1.866316	13.057361	
node441	node440	-3.923664	7.971863	14.168925	3.192467	18.069703	
node441	node447	3.897541	10.167458	19.629877	3.920634	19.949260	
node441	node428	-4.731601	4.732632	22.928353	2.273251	20.249270	
node441	node450	4.045153	9.214292	17.637744	-10.065403	17.542907	
node441	node437	-11.158863	6.436943	24.169149	-6.125460	19.779861	
node441	node430	10.443578	17.558099	19.124733	5.134848	14.414111	
node441	node419	7.387202	9.849555	20.226782	5.713647	17.349211	
node441	node436	-9.099508	9.096237	19.894908	2.822173	17.063530	
node441	node443	-7.444478	11.209580	23.045462	-1.305741	16.031856	
node441	node442	4.369993	7.549701	21.607768	-0.745765	16.974169	
node441	node449	9.605902	7.248662	23.102634	-2.290130	18.674315	
node441	node421	3.951084	6.010029	21.482732	-0.345750	20.106739	
node441	node402	3.011653	5.342650	24.583113	-0.543822	18.931802	
node441	node406	-6.905499	8.708973	23.577858	0.456527	16.561963	
node441	node422	-1.023960	5.975205	15.658399	0.795150	22.027390	
node441	node416	3.600849	5.812665	23.821946	0.201261	17.281400	
node441	node446	-2.583805	9.230987	23.146835	12.554606	19.440422	
node401	node440	-1.459716	7.756376	14.740461	12.520358	20.752018	
node401	node447	-3.110976	12.349718	12.232581	-2.096938	18.015257	
node401	node428	-2.333334	9.958225	13.198028	0.754610	22.876179	
node401	node450	4.127298	6.678113	16.573823	-2.589567	23.713438	
node401	node437	-1.653271	8.874246	22.604306	5.636688	8.716048	
node401	node430	7.719045	6.328804	15.171308	2.082725	22.425715	
node401	node419	0.836156	6.563151	22.186747	-7.198263	17.179506	
node401	node436	-5.874233	11.971825	21.126522	7.990032	19.540218	
node401	node443	-0.152062	11.874607	16.401095	1.822381	22.221252	
node401	node442	3.802145	10.832843	20.044825	10.079470	19.247643	
node401	node449	3.550814	9.321755	18.906315	-1.991595	18.246617	
node401	node421	4.784663	8.522160	19.214947	-4.473544	25.114262	
node401	node402	-1.517428	13.348139	24.259210	14.088701	14.744222	
node401	node406	-0.065071	13.796427	23.321278	-2.140239	17.660395	
node401	node422	-3.882778	4.796818	18.676781	-3.976355	25.646354	
node401	node416	-2.822317	14.558701	22.726562	-1.791492	18.722060	
node401	node446	-0.374389	13.138083	21.339747	-0.117541	18.697982	
node440	node447	-0.248357	7.898029	8.641855	0.890563	22.737503	
node440	node428	-2.134690	4.229769	10.509324	-0.700334	24.114898	
node440	node450	2.284942	9.371164	15.396925	2.755514	28.699004	
node440	node437	12.232709	11.367957	14.679710	0.378339	22.369150	
node440	node430	4.743274	4.373662	18.080699	-1.093252	26.677015	
node440	node419	-5.126919	6.962267	12.934405	-3.840541	22.910242	
node440	node436	7.121045	9.996369	12.193428	4.571227	23.757036	
node440	node443	4.974948	5.143083	15.206454	3.518444	22.274968	
node440	node442	2.329340	7.431515	10.409292	-3.504415	25.239793	
node440	node449	-5.378466	9.276101	15.578196	-14.824829	25.414937	
node440	node421	0.790302	12.459579	19.810693	5.013574	28.875189	
node440	node402	1.037044	10.262029	15.874184	5.499465	15.528602	
node440	node406	6.564344	6.678667	14.493891	3.175906	25.852082	
node440	node422	1.433727	7.548568	12.271306	-8.927052	29.225550	
node440	node416	-0.754153	4.191106	15.742897	-7.149449	19.668354	
node440	node446	0.570884	9.560360	15.453484	5.754472	24.136547	
node447	node428	-7.980716	4.784793	18.513846	4.212997	27.256385	
node447	node450	0.035446	9.045428	11.224599	-3.067809	25.630227	
node447	node437	-6.901271	12.218223	16.527770	-0.955120	22.215765	
node447	node430	-8.041984	12.971038	16.610393	2.545572	19.206110	
node447	node419	4.118808	8.228514	8.938525	3.793245	22.968756	
node447	node436	3.970419	6.712782	17.571671	2.979196	14.791592	
node447	node443	-1.571933	13.786801	12.460970	0.615867	20.997248	
node447	node442	-0.924959	8.084100	17.316445	-2.287177	28.089205	
node447	node449	1.953526	14.274869	14.155735	-0.492209	18.983355	
node447	node421	-4.913134	12.834096	21.272686	2.852878	28.721458	
node447	node402	-3.807968	17.107856	21.471207	-8.449552	16.252007	
node447	node406	-0.515115	9.662871	15.176640	-1.510369	21.806433	
node447	node422	2.229990	12.706820	15.144210	2.610108	25.686867	
node447	node416	10.478764	12.471848	17.404861	2.706868	24.220745	
node447	node446	2.847588	11.207805	22.017390	1.336279	21.215706	
node428	node450	-6.536322	6.547804	14.786351	0.526853	24.934522	
node428	node437	7.720083	5.791769	20.261870	2.866096	19.743650	
node428	node430	0.246121	2.575205	19.498155	-0.680638	22.961433	
node428	node419	4.000842	1.622888	13.382698	6.137266	26.152333	
node428	node436	3.427815	5.615247	13.346052	9.326981	19.465903	
node428	node443	-0.816062	4.144682	19.185227	1.630276	22.838900	
node428	node442	-0.886218	10.046374	18.086941	4.787092	28.943515	
node428	node449	0.441335	8.671029	16.197207	11.215314	26.651864	
node428	node421	0.216166	8.896513	17.538132	-3.050733	31.159511	
node428	node402	-1.115378	11.655007	22.807988	-3.024296	20.446760	
node428	node406	-6.242552	14.226197	17.632579	2.888647	26.053015	
node428	node422	-8.505212	3.463499	19.481303	7.325254	27.254881	
node428	node416	-8.901499	5.679916	22.515196	3.051528	22.732502	
node428	node446	-8.034750	8.890319	23.138123	4.437224	25.180039	
node450	node437	-7.480657	8.291884	15.850065	5.470888	18.769761	
node450	node430	0.685276	10.220212	17.052687	-2.748651	26.601710	
node450	node419	-8.335835	5.074115	16.602253	-1.010476	26.446380	
node450	node436	1.315018	10.187444	13.873870	0.396608	24.402890	
node450	node443	-2.320858	5.745395	17.051878	-0.039132	22.812974	
node450	node442	-9.670284	2.111211	12.678583	5.840264	28.179350	
node450	node449	11.746621	5.586525	17.687646	1.911971	22.344071	
node450	node421	-7.201357	5.748153	19.009880	4.218248	26.583218	
node450	node402	-3.880354	10.166025	14.214634	-0.157872	18.209345	
node450	node406	3.264687	10.070641	14.134213	-4.827640	23.205303	
node450	node422	-4.156749	8.912774	16.846921	6.594322	28.187492	
node450	node416	-7.192672	8.165377	15.962820	1.958601	26.163088	
node450	node446	0.205173	7.834618	16.296423	-11.708726	25.618272	
node437	node430	4.464380	13.819917	21.074415	2.456796	15.710130	
node437	node419	-0.217881	9.398646	21.402595	2.517873	17.461613	
node437	node436	-1.992740	7.325121	17.519229	10.824852	15.921031	
node437	node443	0.363634	15.684212	19.398849	1.344657	13.550251	
node437	node442	3.876738	13.906194	19.774580	4.022305	20.112091	
node437	node449	-6.981420	16.225904	19.168778	-1.459582	16.756826	
node437	node421	-1.935551	11.667756	15.768388	2.572340	20.694629	
node437	node402	4.256020	17.723706	22.641409	1.590953	15.371567	
node437	node406	-2.414613	10.926889	19.291780	-4.250192	18.668289	
node437	node422	1.532088	7.530860	14.107206	0.974518	20.545568	
node437	node416	-1.534001	8.636849	25.617021	4.265921	16.131844	
node437	node446	-1.756042	11.670130	19.772041	-4.897567	17.928415	
node430	node419	-4.230050	11.413730	13.208113	-0.333292	25.186624	
node430	node436	-7.203810	7.945377	19.095232	-2.096319	23.397200	
node430	node443	8.917472	15.390713	16.769499	-0.663618	23.126870	
node430	node442	9.214753	7.711089	20.715442	-2.147504	19.614510	
node430	node449	-2.683011	11.673888	23.923881	-4.590850	23.306801	
node430	node421	10.973766	10.437069	22.624860	-2.048488	21.894186	
node430	node402	6.355124	9.633333	26.436200	-1.337742	13.206229	
node430	node406	-0.599862	12.722117	19.393324	-6.368569	19.040460	
node430	node422	-4.147994	7.697201	20.162017	-0.555338	26.686961	
node430	node416	12.156063	5.493773	26.087163	1.953936	21.148190	
node430	node446	4.050380	3.525449	22.569422	-1.206873	18.987909	
node419	node436	-1.377246	4.632871	19.259940	0.315622	24.474416	
node419	node443	2.113761	7.377924	20.229426	-0.841237	21.939188	
node419	node442	5.335074	6.153693	13.258326	-1.145619	25.825418	
node419	node449	2.335853	8.661499	15.311335	4.728503	22.068902	
node419	node421	-0.268829	7.407944	15.492168	5.719389	22.578194	
node419	node402	1.315886	11.032397	15.642267	-3.303899	18.823881	
node419	node406	0.145315	12.191747	15.080097	-4.126097	27.212193	
node419	node422	-8.868637	6.179282	17.283011	6.599406	24.259777	
node419	node416	0.896524	8.497920	16.111845	-5.896891	20.116172	
node419	node446	4.999089	9.216093	15.086222	8.848528	25.594228	
node436	node443	-0.937018	6.144416	18.140765	6.978461	20.422583	
node436	node442	-4.366426	9.310961	18.327402	4.847385	21.318366	
node436	node449	-1.225006	7.700270	22.923284	-0.315419	22.197699	
node436	node421	-3.038028	9.422130	21.139484	-3.174546	20.615788	
node436	node402	-5.044988	12.230119	19.295710	5.742920	14.988215	
node436	node406	4.329685	8.752419	21.639331	0.829087	22.543059	
node436	node422	-5.014380	8.686738	19.169662	7.359519	27.658821	
node436	node416	-13.156917	14.120174	26.551288	3.912096	22.006244	
node436	node446	-0.764361	10.338952	23.451700	7.575879	19.410706	
node443	node442	2.423243	15.390415	16.112777	-1.223585	20.270955	
node443	node449	-6.873650	9.429911	23.451549	-6.160865	22.132973	
node443	node421	4.303197	7.459686	19.272459	-2.752041	24.062035	
node443	node402	4.833170	16.093199	22.310316	3.113428	12.268789	
node443	node406	8.534146	9.709761	19.716488	10.476542	19.376805	
node443	node422	-4.863481	10.053111	23.074743	-1.731054	27.748914	
node443	node416	10.266999	5.228652	20.623522	8.688747	19.643393	
node443	node446	2.693072	12.245637	19.675675	8.180367	18.455865	
node442	node449	-3.900057	11.553663	15.514937	6.621705	23.243133	
node442	node421	3.994750	8.729727	18.566621	-5.192507	27.575482	
node442	node402	3.741994	17.599252	27.032021	-0.844155	15.364531	
node442	node406	-0.780367	12.721572	20.882684	-4.962560	24.364942	
node442	node422	-1.698440	5.423958	19.553034	4.107689	27.657947	
node442	node416	4.260079	8.213526	21.888462	4.097713	24.115483	
node442	node446	3.788682	10.460160	23.177800	1.544110	22.491257	
node449	node421	-3.321741	13.948833	20.671092	-6.121400	28.923657	
node449	node402	-7.104070	19.182571	21.046425	-1.687736	19.894246	
node449	node406	-4.091217	12.483694	25.468821	-3.299351	21.398464	
node449	node422	0.279312	0.054171	16.398679	8.012737	28.033457	
node449	node416	-3.694218	10.229359	26.212840	2.113235	22.713796	
node449	node446	-4.391154	6.643931	21.191707	-4.470359	20.084662	
node421	node402	2.280089	12.922017	22.711427	0.236842	19.419222	
node421	node406	7.540724	10.188074	17.828546	-0.810998	20.153791	
node421	node422	-1.596156	9.906325	21.102921	-4.545149	32.053779	
node421	node416	11.161121	8.990337	21.473572	-7.268310	25.112908	
node421	node446	-7.687255	5.847116	27.997621	-1.412499	23.935416	
node402	node406	0.558561	16.853630	25.482978	1.659656	20.130255	
node402	node422	3.896096	11.524168	25.199963	-7.611651	20.872392	
node402	node416	5.903277	16.006752	26.757691	-4.354202	15.883455	
node402	node446	-1.718206	17.852672	28.340438	-0.079559	19.076557	
node406	node422	-2.227302	7.058485	17.853141	-0.275502	22.717093	
node406	node416	11.037104	10.526030	28.790700	3.308743	20.059850	
node406	node446	5.156927	11.751955	24.228990	9.672185	20.723530	
node422	node416	7.855035	9.409707	19.425220	-0.532208	26.201473	
node422	node446	-11.283215	12.241836	23.138708	4.221846	23.358636	
node416	node446	6.516127	10.592495	24.994241	0.948694	19.055509	
