node215	node220	7.546338	12.240351	15.099825	15.756564	10.039977	
node215	node214	14.041727	11.540107	20.639818	10.421358	7.729804	
node215	node219	10.558009	9.908209	15.033120	16.016351	9.629727	
node215	node232	11.665178	12.714227	13.449986	11.810419	9.779715	
node215	node240	2.475971	20.165795	24.362648	12.537524	2.251538	
node215	node230	9.814751	5.365909	22.524136	12.795080	8.229955	
node215	node237	10.283035	4.251656	21.672818	18.413988	2.442282	
node215	node208	6.572086	16.107099	16.517118	17.171096	7.265250	
node215	node223	7.957071	7.090737	21.108400	15.120056	9.400922	
node215	node226	10.020507	13.070185	15.219761	13.165701	11.183292	
node215	node212	12.600382	10.878267	18.289881	19.743569	6.986217	
node215	node209	9.475013	17.186821	22.278840	11.843122	14.435174	
node215	node236	9.598770	17.200424	16.053596	16.790337	16.534444	
node215	node225	11.893047	13.357116	19.630560	14.232879	9.806539	
node215	node234	7.358475	23.035074	15.397467	14.910903	-0.547261	
node215	node207	12.595508	9.709211	21.957112	12.283288	6.324889	
node215	node216	9.103716	15.713570	20.899562	13.337346	10.204576	
node215	node228	10.743839	15.279850	19.508966	15.163735	10.757983	
node215	node239	6.468187	15.603258	22.017279	19.766264	14.573835	
node215	node202	9.873250	11.690504	21.166628	16.781914	7.800455	
node215	node233	5.879023	15.988379	15.773144	15.116185	11.483006	
node215	node211	11.026756	18.451550	25.349971	14.467006	8.160266	
node215	node203	13.570485	15.016465	25.635719	11.413650	10.340122	
node215	node206	13.960632	14.289371	19.989795	10.068283	5.793468	
node215	node227	10.829537	10.194790	21.640663	16.965722	2.616225	
node215	node221	11.976714	12.250596	20.180855	16.540521	8.341472	
node215	node218	8.284587	20.738322	25.615192	12.417995	2.177025	
node215	node217	12.479061	9.361642	30.568735	16.635323	5.294718	
node215	node231	10.180664	9.767039	26.360778	14.311678	9.394932	
node215	node201	14.864754	17.014271	19.886876	15.466808	0.341596	
node215	node213	11.784390	15.114670	21.037877	10.680695	15.189998	
node215	node204	13.734228	12.355380	20.852903	12.475678	5.448026	
node215	node229	8.549352	15.282077	23.587417	14.425780	9.378191	
node215	node210	12.788267	13.052289	22.091673	16.205072	10.519702	
node215	node235	14.325893	15.131646	22.706579	16.818553	16.138509	
node215	node224	10.263406	19.186065	18.866435	15.530268	13.016427	
node215	node205	8.160864	19.832309	23.424306	11.780125	9.952762	
node215	node238	13.277517	19.798311	18.789949	17.155856	18.205693	
node220	node214	17.753107	11.897428	10.719237	6.560507	9.144187	
node220	node219	10.536632	13.884901	13.454162	14.371769	10.470934	
node220	node232	16.841701	12.031694	11.252266	13.099835	13.381354	
node220	node240	12.071367	18.715173	14.691122	12.246469	9.160369	
node220	node230	9.990069	6.275124	15.677388	12.896182	7.186242	
node220	node237	10.576990	9.743592	15.792768	14.811115	4.708392	
node220	node208	15.754325	15.072462	9.799936	17.230122	5.029115	
node220	node223	10.383564	12.763107	16.359551	12.717106	6.615838	
node220	node226	14.954252	10.346212	11.079397	15.702360	13.039880	
node220	node212	15.178561	8.621020	18.646068	14.161553	9.695696	
node220	node209	15.780800	12.333559	17.051591	7.860269	11.743914	
node220	node236	17.172794	17.470571	5.700806	15.938878	12.252866	
node220	node225	16.530078	8.484524	9.627971	16.059580	6.298549	
node220	node234	19.482484	17.480962	12.874968	15.751918	7.243973	
node220	node207	12.404668	6.307865	18.970920	10.767035	12.744433	
node220	node216	11.658419	16.188876	14.379681	15.286382	7.054470	
node220	node228	10.096771	9.706758	13.317627	15.716848	6.224894	
node220	node239	7.585579	13.207706	19.868339	19.395933	8.387432	
node220	node202	15.505821	14.972533	12.818317	19.673083	13.979557	
node220	node233	12.866836	8.203958	9.441581	10.809339	11.730480	
node220	node211	13.842470	18.039892	16.402312	11.683831	6.186807	
node220	node203	15.059457	11.243007	17.846895	13.587581	11.121411	
node220	node206	22.705566	12.430300	13.315133	12.825038	10.554611	
node220	node227	14.634125	16.689345	11.108459	9.960443	6.152999	
node220	node221	19.676102	14.329304	12.868079	12.656147	13.628870	
node220	node218	19.938151	19.052477	14.434796	19.636254	10.209084	
node220	node217	19.179937	10.756773	19.556673	16.631584	5.095367	
node220	node231	14.072282	14.993908	20.938523	16.489045	14.286291	
node220	node201	19.582785	12.393360	15.860494	20.494176	8.988734	
node220	node213	16.091294	21.365200	19.106406	12.402354	9.935199	
node220	node204	17.921165	15.772499	14.680942	14.574538	4.041766	
node220	node229	15.948684	11.219922	14.710629	18.707383	13.184261	
node220	node210	12.345055	22.018186	18.004098	14.559212	8.195936	
node220	node235	15.757286	13.048709	16.287156	14.819348	7.945954	
node220	node224	16.623197	17.629979	14.560205	17.632971	10.342629	
node220	node205	20.793114	16.379785	15.143145	20.365262	11.162829	
node220	node238	23.118567	14.959799	17.258725	13.937700	13.566809	
node214	node219	17.075354	12.673245	11.959694	12.288892	2.724142	
node214	node232	17.038078	16.923793	16.669645	7.941264	6.943543	
node214	node240	11.501821	17.364558	19.638949	6.261100	8.490836	
node214	node230	17.834374	9.952889	20.580866	9.917069	9.324101	
node214	node237	15.836744	12.409865	17.030864	13.266958	9.338466	
node214	node208	14.830190	13.412920	15.941732	8.720532	3.294655	
node214	node223	11.940596	12.962629	22.176396	13.117864	7.498268	
node214	node226	15.622253	13.845782	19.692122	9.059198	8.291372	
node214	node212	16.868693	8.056039	15.009868	12.503793	11.200594	
node214	node209	16.020186	12.019988	16.764660	9.178263	11.826766	
node214	node236	19.634345	17.494273	9.262613	9.919226	17.570597	
node214	node225	20.813486	11.665583	19.786909	7.296126	5.899547	
node214	node234	22.894844	18.351350	9.927898	9.097497	3.817910	
node214	node207	15.250173	11.657461	19.505732	9.356784	8.964277	
node214	node216	5.699041	14.482789	9.182682	11.292939	9.677900	
node214	node228	19.045120	17.699254	18.569071	11.840678	7.667735	
node214	node239	7.631662	12.749818	14.117849	11.130521	9.592556	
node214	node202	15.273109	8.235044	15.349838	11.590729	13.073327	
node214	node233	12.128389	13.631007	15.189021	17.171703	9.742997	
node214	node211	14.528626	15.949328	17.558752	7.828461	6.401518	
node214	node203	24.047367	12.159340	20.570763	11.225568	12.543713	
node214	node206	20.687361	15.179321	17.716633	9.803368	5.626121	
node214	node227	21.840359	16.285877	14.908637	15.456062	4.298112	
node214	node221	18.515606	12.028531	18.556770	9.930962	9.883871	
node214	node218	17.578707	20.118933	13.765408	12.548419	10.336943	
node214	node217	27.180335	11.755707	21.127374	12.815222	4.554091	
node214	node231	19.883571	17.077368	23.356977	10.436456	13.452436	
node214	node201	21.933294	14.154618	16.358457	10.023990	7.978040	
node214	node213	16.855413	13.188747	15.039920	14.472731	9.047786	
node214	node204	14.730957	17.055279	17.946997	8.503308	5.008828	
node214	node229	21.116080	12.943111	18.820558	13.434205	14.102614	
node214	node210	19.647470	15.990084	14.070650	10.227337	7.951945	
node214	node235	23.297785	15.781802	15.030341	14.800304	10.178462	
node214	node224	14.037932	18.578594	19.436227	12.680561	11.312610	
node214	node205	18.824458	12.488569	19.055641	17.549022	12.841624	
node214	node238	23.683995	15.541129	14.648822	7.975165	16.759938	
node219	node232	13.321807	18.048198	9.222485	8.409554	9.193837	
node219	node240	6.285321	16.910875	12.934503	14.165916	3.436657	
node219	node230	13.993112	9.460379	16.247530	16.815619	6.142344	
node219	node237	11.231884	12.766664	17.875198	14.320721	6.597062	
node219	node208	6.499427	16.213515	13.559147	17.185737	6.961063	
node219	node223	9.700970	13.196830	17.310275	16.407742	10.563872	
node219	node226	11.764017	16.141530	13.532154	12.453943	12.780189	
node219	node212	9.066408	12.233834	17.456895	15.853245	5.288915	
node219	node209	13.193457	18.974266	17.101565	6.541769	8.468941	
node219	node236	9.032546	17.376285	8.741280	16.060944	5.120093	
node219	node225	13.854122	16.236550	15.597294	9.811221	3.456159	
node219	node234	12.206598	24.193206	7.081262	11.483081	6.001187	
node219	node207	11.784340	13.731411	19.460174	11.301531	8.686974	
node219	node216	5.498877	20.845815	15.096743	16.922413	8.826036	
node219	node228	17.459385	17.253908	12.809017	21.196696	3.952327	
node219	node239	7.733957	18.895531	15.850872	20.105675	5.470299	
node219	node202	13.353660	14.509355	14.648197	21.741957	7.519548	
node219	node233	6.259371	18.921278	9.182535	20.009890	7.809980	
node219	node211	8.548575	18.096974	14.968946	17.100621	7.652438	
node219	node203	15.002346	13.874060	22.468450	17.259109	7.598974	
node219	node206	16.546944	20.603634	13.943713	12.954050	12.064041	
node219	node227	10.319505	21.219968	8.512895	18.042843	4.562649	
node219	node221	8.801136	14.245294	10.051094	19.733404	12.600929	
node219	node218	11.661713	22.037190	14.466705	14.807217	8.463603	
node219	node217	21.271948	17.013587	18.270574	13.955831	5.003125	
node219	node231	12.596704	15.857441	18.206474	18.944813	6.353701	
node219	node201	15.369233	15.239660	16.983942	19.476593	11.050957	
node219	node213	12.242105	21.443165	18.771834	18.265393	7.033093	
node219	node204	11.402952	16.535241	20.593561	18.703028	6.279220	
node219	node229	14.150681	14.726707	11.540028	21.463885	8.945318	
node219	node210	16.952195	21.234215	16.919267	16.419938	6.885637	
node219	node235	14.731013	21.534480	15.764197	17.775036	5.664438	
node219	node224	7.229800	20.652301	12.664258	15.751173	11.414160	
node219	node205	15.078390	24.751272	16.640806	17.183720	13.457514	
node219	node238	11.359682	16.009922	16.718158	16.288885	9.907378	
node232	node240	7.505414	20.970471	19.367459	10.450257	10.340478	
node232	node230	10.377460	12.249433	19.591794	14.038722	5.029961	
node232	node237	11.266294	14.257485	18.626258	15.132425	1.325675	
node232	node208	11.117901	17.817668	16.114308	13.627997	6.186412	
node232	node223	13.387666	13.776776	21.197927	10.941013	6.955891	
node232	node226	11.133412	14.281321	14.832574	12.808116	10.707839	
node232	node212	11.204919	10.820505	12.754792	13.934531	10.175241	
node232	node209	12.066390	19.874618	12.275989	9.101963	11.308723	
node232	node236	14.535927	17.763351	10.454986	8.504685	10.151399	
node232	node225	12.972966	17.043960	21.031549	14.686917	6.549666	
node232	node234	19.307846	22.549495	11.289145	9.851321	7.277975	
node232	node207	11.123542	13.621843	20.801560	9.562331	12.897429	
node232	node216	11.653803	15.900099	12.449153	12.039968	8.743785	
node232	node228	13.454046	20.685418	12.663588	10.754159	5.276500	
node232	node239	7.925320	14.088716	15.507995	16.688205	5.833337	
node232	node202	13.071470	13.271292	14.023566	10.136121	9.682799	
node232	node233	3.612011	18.658048	21.348532	13.680369	16.867075	
node232	node211	11.838300	20.816631	16.499449	9.641325	11.069770	
node232	node203	11.382963	16.917977	15.127377	11.139165	11.169992	
node232	node206	17.914178	18.963738	12.898558	9.985271	13.302585	
node232	node227	16.790230	27.221138	13.502288	13.397140	8.085100	
node232	node221	16.613279	16.921429	17.729731	11.787503	11.771957	
node232	node218	14.992087	22.360813	14.914045	15.697200	7.013480	
node232	node217	21.426533	17.897792	21.585036	15.278738	6.340767	
node232	node231	12.830118	17.776286	19.997052	8.785867	10.445578	
node232	node201	17.665750	12.039595	18.138899	15.795879	5.824573	
node232	node213	16.292619	22.346968	18.745831	9.742883	7.852606	
node232	node204	14.992250	20.645687	17.280752	11.726733	9.749624	
node232	node229	12.835241	16.320699	15.173554	17.989720	8.674870	
node232	node210	14.957785	23.282213	15.637737	13.127490	7.968078	
node232	node235	13.241913	18.177369	18.711658	14.887736	9.844275	
node232	node224	11.937065	24.980883	14.013323	14.594565	9.707606	
node232	node205	18.358269	24.545419	15.808668	16.584153	11.157416	
node232	node238	13.873566	17.706022	15.335343	10.373529	8.349237	
node240	node230	9.455213	13.371017	21.603296	13.618511	3.298549	
node240	node237	6.891186	19.161373	18.505986	14.887486	6.128679	
node240	node208	6.472995	24.041142	17.573555	13.749294	-3.038913	
node240	node223	9.800251	16.798249	19.887088	11.839822	5.381658	
node240	node226	8.344648	16.937992	16.644001	11.460449	12.524695	
node240	node212	7.712026	15.529822	19.877764	9.456480	4.218374	
node240	node209	13.572430	19.891456	26.147494	8.129778	11.001018	
node240	node236	12.071838	27.205867	8.969606	11.782613	8.244921	
node240	node225	8.311300	24.659296	22.008242	12.836204	5.966726	
node240	node234	11.915625	33.421873	16.695324	8.844837	4.964163	
node240	node207	11.745887	11.128033	29.934469	7.236470	9.535193	
node240	node216	2.823023	22.753393	21.509996	11.871435	6.567672	
node240	node228	11.357382	22.193364	19.779746	16.538660	7.547877	
node240	node239	4.850659	19.855638	26.155054	17.456447	4.019275	
node240	node202	8.204133	19.279176	17.101967	15.214982	10.173555	
node240	node233	8.801019	21.720942	19.425884	12.928478	13.643360	
node240	node211	4.313809	25.450472	26.842889	11.369988	7.327180	
node240	node203	8.259120	17.703756	23.380119	10.403339	5.277107	
node240	node206	10.962428	20.626728	14.608705	12.493423	7.691790	
node240	node227	11.747258	24.005073	15.914659	16.954653	7.635749	
node240	node221	9.492007	20.341322	15.685843	14.699378	7.626708	
node240	node218	8.601156	24.235893	25.565969	15.587818	5.937396	
node240	node217	12.842276	19.255619	33.444190	16.962999	2.291073	
node240	node231	7.710241	17.271792	24.807555	11.182365	6.290094	
node240	node201	9.288177	21.395784	21.526412	14.396850	4.289918	
node240	node213	10.833129	26.188455	21.915716	14.347653	8.446127	
node240	node204	12.563060	25.561701	21.866077	13.010619	5.834931	
node240	node229	14.716798	25.173841	23.252677	19.466911	8.768697	
node240	node210	7.313691	32.072815	23.731361	15.145416	4.579787	
node240	node235	11.373727	21.042222	26.501897	15.754841	3.800972	
node240	node224	7.011023	27.140093	18.865868	12.166720	5.646864	
node240	node205	13.851229	22.667477	19.462088	15.492185	8.873845	
node240	node238	14.815015	23.091014	18.188886	17.827408	9.964674	
node230	node237	14.455195	14.360464	26.811382	13.853804	4.165152	
node230	node208	12.871230	13.119913	23.259415	18.610326	5.913932	
node230	node223	11.897028	11.070112	25.268647	14.475851	5.395952	
node230	node226	14.410540	11.084927	19.276414	15.211409	6.929627	
node230	node212	13.647000	9.595373	17.491261	17.141325	10.832931	
node230	node209	13.327932	8.546791	17.546275	11.080288	13.770858	
node230	node236	17.490292	13.471079	18.985686	10.847102	8.490395	
node230	node225	14.170103	4.765822	23.794747	12.760218	6.959366	
node230	node234	17.747677	15.746303	19.272163	10.263044	2.232185	
node230	node207	17.408121	3.210760	30.108691	13.750818	12.620689	
node230	node216	7.717017	7.400519	18.871081	20.618821	8.971086	
node230	node228	14.088449	12.905602	19.714419	23.018059	0.453036	
node230	node239	8.089987	6.340642	28.513550	20.332504	11.809556	
node230	node202	17.368134	6.231533	20.384598	20.054914	11.168763	
node230	node233	10.416920	8.958743	24.730779	19.447510	0.454819	
node230	node211	12.651782	15.721916	25.389592	17.928182	6.115613	
node230	node203	17.009690	9.192763	31.065450	15.952116	6.578014	
node230	node206	15.641698	13.709325	23.586065	16.752189	6.919564	
node230	node227	12.730299	12.265804	18.247361	17.260221	4.050917	
node230	node221	16.051008	9.331231	24.132930	18.641505	13.904860	
node230	node218	7.811314	10.693153	24.372206	18.026452	8.671231	
node230	node217	21.461958	9.720901	27.293724	16.426284	2.730333	
node230	node231	12.564062	6.522122	28.486507	12.691668	11.364242	
node230	node201	13.213612	10.181247	23.563416	20.285485	6.338176	
node230	node213	7.953194	13.867058	27.024823	16.635044	8.603543	
node230	node204	19.455009	14.352088	21.182398	17.441003	5.328376	
node230	node229	16.786082	11.005278	19.428506	22.208756	9.290595	
node230	node210	20.604904	11.681595	19.648775	18.055569	10.391115	
node230	node235	13.594929	7.417507	27.890564	21.901139	10.428251	
node230	node224	11.249166	9.549773	22.073542	19.241660	8.625815	
node230	node205	15.461385	7.457233	25.729745	19.521549	5.009685	
node230	node238	18.372307	11.601984	26.953720	12.051008	13.137145	
node237	node208	13.182846	16.969260	19.168837	15.594971	5.624744	
node237	node223	12.740392	11.779551	20.075578	15.929546	7.149269	
node237	node226	13.541674	15.504171	14.653645	12.767982	12.012887	
node237	node212	13.519002	10.982998	21.735538	20.796859	6.922782	
node237	node209	16.492799	12.528500	23.214806	14.596331	5.588152	
node237	node236	13.586793	16.760725	20.915353	14.095700	7.270915	
node237	node225	12.749513	10.768030	25.227228	16.788868	8.066633	
node237	node234	18.816752	20.700224	16.028509	16.193473	7.404588	
node237	node207	17.466494	7.462764	25.336822	10.392941	7.892436	
node237	node216	12.732521	12.185975	17.595679	12.456295	9.325515	
node237	node228	13.012197	16.560377	18.449746	13.233283	5.932255	
node237	node239	7.206511	6.467401	22.385418	23.953197	3.809357	
node237	node202	12.916735	9.425280	18.455120	15.828587	10.293048	
node237	node233	7.394948	12.849737	21.654446	21.032235	4.995706	
node237	node211	12.078906	19.113128	19.496313	9.298858	7.880110	
node237	node203	10.376083	15.755227	27.481462	15.640177	6.574815	
node237	node206	15.718818	16.487576	25.536836	15.048955	7.744571	
node237	node227	10.924807	16.301041	18.944228	20.143356	9.075122	
node237	node221	14.941418	7.881281	22.968425	15.642083	4.598473	
node237	node218	9.067571	15.593733	21.601021	20.177878	10.346985	
node237	node217	18.744327	12.293188	22.348514	18.830509	5.142284	
node237	node231	10.343265	10.237478	30.064146	15.405125	11.755682	
node237	node201	16.678295	18.278896	25.110780	22.693762	10.292872	
node237	node213	13.411305	19.963968	26.218416	16.279735	5.153747	
node237	node204	20.476944	18.023708	21.802863	14.492932	6.211283	
node237	node229	14.433174	13.925828	16.651288	21.952929	11.728567	
node237	node210	16.896382	19.572891	20.608526	19.397410	8.316409	
node237	node235	12.465691	14.092858	25.062465	21.027994	6.799696	
node237	node224	11.101038	14.347307	17.668490	20.544068	13.152447	
node237	node205	14.960763	9.368128	22.030345	23.847709	12.463488	
node237	node238	19.629688	9.165496	25.757639	16.877288	17.409886	
node208	node223	9.219414	16.949474	20.299018	12.792817	1.054116	
node208	node226	12.963529	20.752763	16.246063	12.500287	7.363949	
node208	node212	16.381914	16.299670	14.508668	17.208342	10.425925	
node208	node209	11.309062	20.850786	21.100705	9.107147	9.013308	
node208	node236	13.168433	21.998933	11.229858	14.226672	6.703139	
node208	node225	14.663303	19.445728	17.815763	14.984895	3.775674	
node208	node234	16.304636	31.852708	12.026263	18.525986	2.701899	
node208	node207	13.502262	8.792941	23.754661	21.758625	6.503586	
node208	node216	7.473724	22.587014	17.192248	19.446847	7.163305	
node208	node228	7.589799	21.436412	17.918134	19.616087	3.108673	
node208	node239	3.429355	19.043926	19.357351	19.668021	9.401705	
node208	node202	14.056222	14.718002	12.699726	17.377421	9.484324	
node208	node233	7.319951	21.151891	15.259370	13.940915	5.377155	
node208	node211	13.272048	27.671785	17.085036	20.423177	2.427564	
node208	node203	16.140994	16.643587	18.140010	17.211977	6.304117	
node208	node206	19.458085	20.166255	16.635104	14.551112	4.475362	
node208	node227	10.239734	23.004189	12.002377	14.492057	2.893089	
node208	node221	14.478808	15.897268	16.450374	12.389198	8.540513	
node208	node218	11.750519	25.417738	18.962738	17.348701	3.510139	
node208	node217	10.675734	16.089339	23.695049	11.299349	8.400767	
node208	node231	7.931148	17.602372	18.450584	15.423906	7.063139	
node208	node201	11.955080	20.246939	23.370488	20.374701	6.711170	
node208	node213	4.628624	24.510930	21.686372	12.224354	2.487957	
node208	node204	15.993181	27.402957	24.433837	19.966303	11.588132	
node208	node229	9.877608	19.477412	11.387833	23.540066	5.931988	
node208	node210	10.332361	28.104980	17.090357	17.270596	10.449537	
node208	node235	11.290195	15.911636	16.932183	18.384322	9.799501	
node208	node224	9.343893	25.449216	13.785994	15.890708	15.631836	
node208	node205	14.269023	19.724840	25.574828	20.842055	7.601431	
node208	node238	18.829083	22.294537	17.088535	17.745367	15.150900	
node223	node226	11.543205	14.485438	23.702248	15.189841	12.158609	
node223	node212	10.372493	15.190031	19.858247	16.388995	5.872755	
node223	node209	14.345201	16.158845	23.018067	10.953386	6.154471	
node223	node236	12.069251	16.049984	15.965374	10.628969	9.176876	
node223	node225	15.858306	14.043378	23.519904	12.187440	2.450470	
node223	node234	14.935493	20.502669	16.901759	10.375748	4.062543	
node223	node207	11.197496	12.684687	28.016702	11.325628	7.280750	
node223	node216	9.726404	20.989848	20.195575	14.052817	12.523614	
node223	node228	11.731363	14.706331	18.300917	18.271714	6.387313	
node223	node239	9.472078	10.804790	19.590924	20.869220	6.215561	
node223	node202	11.341718	13.813955	17.268094	22.619965	5.342033	
node223	node233	7.117894	15.762868	19.993130	19.214739	9.910309	
node223	node211	10.529460	12.886231	23.580646	16.388109	9.642779	
node223	node203	11.265024	8.962731	23.350797	13.513006	9.965945	
node223	node206	13.533970	12.976172	22.538694	14.284417	11.669036	
node223	node227	13.390381	20.471978	13.068826	23.296091	6.249011	
node223	node221	13.342746	15.121499	22.125427	17.117832	12.257279	
node223	node218	9.666121	12.358311	16.059355	15.343938	6.976996	
node223	node217	16.814477	10.921986	28.296873	17.768227	3.833077	
node223	node231	9.097358	15.387112	30.112551	15.292014	8.704980	
node223	node201	15.743791	15.247627	22.390111	14.526237	10.471629	
node223	node213	12.576498	22.571799	23.328469	16.014975	13.595246	
node223	node204	16.648167	22.200733	23.733606	16.387010	5.664628	
node223	node229	16.412666	19.009267	22.170919	15.315521	16.068013	
node223	node210	12.597906	26.302850	21.589473	14.551792	7.067261	
node223	node235	15.192159	16.267577	26.163719	18.440717	7.076268	
node223	node224	13.806988	19.693277	18.071698	18.144370	10.576679	
node223	node205	12.996134	16.608191	18.589763	21.621669	16.598156	
node223	node238	12.316677	15.514922	19.506289	14.093922	11.041580	
node226	node212	15.523131	13.702920	13.706297	11.284768	10.604106	
node226	node209	12.638457	19.361601	19.173448	9.331082	15.684216	
node226	node236	15.375810	20.190517	12.597616	11.506425	13.500519	
node226	node225	13.597833	16.585099	17.122666	11.868161	11.032743	
node226	node234	14.777075	23.289709	12.082082	7.447964	6.711559	
node226	node207	13.962798	15.274960	24.820006	9.382449	12.946011	
node226	node216	13.488381	17.083572	14.861768	15.452568	13.141178	
node226	node228	12.362452	16.137911	10.160235	16.798582	9.380785	
node226	node239	9.887590	17.531224	13.759585	21.346815	9.362432	
node226	node202	10.624299	17.427818	9.454661	14.442288	14.352189	
node226	node233	13.990817	20.648968	15.634993	14.833114	14.547881	
node226	node211	13.247675	25.494132	15.725735	11.931606	11.687931	
node226	node203	16.984447	18.708585	19.582501	13.274990	12.690781	
node226	node206	18.234406	18.710457	20.043684	11.765628	15.040834	
node226	node227	17.259318	19.071118	12.753861	14.716465	14.766087	
node226	node221	16.891371	12.409684	16.167902	13.285377	16.533336	
node226	node218	10.492394	24.161591	11.504811	14.407498	8.612845	
node226	node217	17.698875	11.482778	23.038308	17.644076	7.067828	
node226	node231	15.174964	14.442083	22.321760	10.145377	11.188904	
node226	node201	18.491471	19.083440	24.334908	11.929224	11.536632	
node226	node213	8.804376	17.692248	15.710236	10.769377	13.106730	
node226	node204	20.903087	19.973893	20.804684	15.347588	10.214219	
node226	node229	13.031528	15.804509	18.001138	17.548107	16.800240	
node226	node210	16.808823	19.364150	16.025786	12.362595	9.965701	
node226	node235	13.935940	22.146648	12.929452	15.586738	10.852472	
node226	node224	14.414254	18.917029	17.186996	16.330703	20.759373	
node226	node205	15.336804	16.096964	17.190990	19.766468	19.400204	
node226	node238	19.879072	15.838798	17.983778	15.384482	20.031472	
node212	node209	14.205369	15.822250	27.690417	13.821410	13.713755	
node212	node236	16.597502	18.155545	8.786961	9.927865	14.953501	
node212	node225	15.013025	15.228172	19.241037	17.195174	6.756304	
node212	node234	13.973249	18.790843	12.340069	18.682712	5.211731	
node212	node207	19.229145	10.431058	23.823339	12.972019	10.508820	
node212	node216	13.875836	20.385551	19.830331	14.216514	9.470489	
node212	node228	10.214654	14.400713	20.688440	14.507080	2.872647	
node212	node239	7.257683	5.481243	19.767074	21.686013	10.915038	
node212	node202	14.212821	7.332884	18.414053	17.369900	12.534512	
node212	node233	11.307096	18.906519	10.957965	16.422827	9.998182	
node212	node211	13.412301	17.879484	21.724535	12.709840	10.587836	
node212	node203	15.546202	9.229456	22.593150	13.001489	15.045088	
node212	node206	19.153247	16.171103	18.868589	12.858870	10.323623	
node212	node227	15.440741	18.597661	15.245860	20.861194	2.332142	
node212	node221	18.734518	9.244211	14.449913	16.865584	14.292674	
node212	node218	10.361169	13.239100	20.355786	17.627564	8.262029	
node212	node217	15.685161	12.367676	21.554216	14.038265	10.341020	
node212	node231	15.606943	9.717358	26.331708	15.788735	13.647342	
node212	node201	14.861890	13.361446	22.791085	22.830700	11.258849	
node212	node213	13.792853	20.050762	20.801232	12.082411	8.005484	
node212	node204	16.455264	20.955651	22.288764	18.293043	5.792524	
node212	node229	15.054184	15.788698	18.826313	18.574110	10.561655	
node212	node210	17.360262	16.917041	22.563117	17.613222	14.839737	
node212	node235	11.970648	14.887125	20.841244	20.251271	9.400495	
node212	node224	13.710603	23.696234	16.475410	23.369676	17.575450	
node212	node205	13.588634	18.938777	16.415721	18.690878	6.561974	
node212	node238	23.235980	21.868810	19.036157	16.795768	13.705494	
node209	node236	14.271129	20.172702	13.055580	7.163410	17.980897	
node209	node225	17.136168	22.899100	22.447072	9.530619	9.340010	
node209	node234	14.987412	25.222762	16.292501	6.794927	5.473576	
node209	node207	16.846464	16.024604	26.296824	5.710025	14.082177	
node209	node216	14.732289	26.142875	25.494937	8.243406	11.305257	
node209	node228	14.943180	19.737609	26.107253	9.094167	7.447219	
node209	node239	8.702299	17.996324	22.006220	9.392313	13.108002	
node209	node202	12.299242	13.453638	16.048536	12.759932	15.572493	
node209	node233	9.463081	22.155285	12.843100	11.975215	10.476386	
node209	node211	13.200981	19.832278	26.244337	5.228316	9.638890	
node209	node203	13.984117	17.493687	20.086931	4.201147	11.936088	
node209	node206	16.367973	17.383390	21.996373	7.400063	9.061286	
node209	node227	18.047173	23.576801	17.702537	10.289770	7.397486	
node209	node221	11.438869	14.285656	17.985329	6.836909	18.452598	
node209	node218	13.661880	22.599177	19.165386	9.331526	5.810427	
node209	node217	18.909930	10.063093	27.586156	11.816287	5.482587	
node209	node231	9.382178	15.506127	29.668253	8.385115	11.960230	
node209	node201	17.451255	16.815686	30.877979	10.374513	5.389139	
node209	node213	20.211194	20.315322	29.110917	8.330597	10.444937	
node209	node204	21.292701	23.812172	26.672689	8.713106	7.747803	
node209	node229	15.106304	21.425301	21.627720	10.730482	12.108751	
node209	node210	18.092588	23.058201	26.997675	12.207786	13.782544	
node209	node235	13.480521	21.365356	24.689731	14.630531	12.793448	
node209	node224	7.164979	24.161173	20.943434	13.091338	16.403332	
node209	node205	18.137441	25.206612	24.200130	15.907835	10.383718	
node209	node238	25.732904	17.876439	19.939027	9.791828	18.146253	
node236	node225	16.506341	20.558748	13.729968	12.335045	11.103001	
node236	node234	17.272695	29.272874	12.338655	12.688368	4.837320	
node236	node207	17.882395	13.457978	15.325155	12.245117	9.072591	
node236	node216	10.494791	23.839437	10.852517	16.275616	7.312093	
node236	node228	12.956667	17.310808	5.039584	17.847349	9.282903	
node236	node239	7.244049	16.947030	12.707216	16.557623	12.065539	
node236	node202	15.033867	16.957917	12.951201	18.883014	15.390469	
node236	node233	15.059017	19.781348	16.006687	13.246572	11.900942	
node236	node211	13.439450	27.482524	14.840059	12.484450	8.201126	
node236	node203	17.769940	19.208783	19.799007	10.648420	14.027978	
node236	node206	16.991967	22.220880	17.828686	7.546409	8.566365	
node236	node227	16.767853	22.788777	16.865090	13.038789	7.911825	
node236	node221	17.982325	21.246463	18.040784	14.305591	16.934996	
node236	node218	13.174046	20.902724	14.779104	16.019351	7.874689	
node236	node217	20.019614	15.079477	15.908212	14.570125	7.946444	
node236	node231	13.916118	18.118184	19.959519	15.568857	18.002298	
node236	node201	14.881413	18.207828	14.338076	13.162787	7.204398	
node236	node213	13.616315	25.926905	13.958361	16.616181	17.161930	
node236	node204	19.053541	23.827872	14.884868	9.199276	5.991644	
node236	node229	17.587181	22.115740	8.911750	16.465105	15.774904	
node236	node210	19.604744	27.705600	6.313021	12.351450	14.670116	
node236	node235	15.638675	20.829825	17.975650	13.621215	14.995796	
node236	node224	15.925278	24.281145	13.431278	14.424962	20.827287	
node236	node205	18.500901	17.872775	12.668555	15.324453	13.624996	
node236	node238	25.990899	25.490158	14.660484	13.242837	19.875723	
node225	node234	20.196953	25.689305	10.684800	12.617926	2.385956	
node225	node207	18.654914	8.470437	29.176609	10.359041	7.313261	
node225	node216	10.294048	25.946807	18.849156	13.296323	4.009072	
node225	node228	14.135515	17.945945	22.423105	13.221324	7.972775	
node225	node239	9.088981	15.727416	21.546856	23.972253	7.155002	
node225	node202	13.809695	9.534508	17.563786	16.100678	7.931064	
node225	node233	10.248012	23.163436	23.520530	13.804813	6.250994	
node225	node211	17.464729	16.937755	18.346424	12.094379	6.861806	
node225	node203	18.479524	13.443983	20.283185	4.382688	4.911293	
node225	node206	19.157020	14.065837	19.890309	10.242117	7.545822	
node225	node227	21.734626	22.887167	19.764365	12.564940	6.093836	
node225	node221	15.119934	14.988868	21.949567	18.458217	6.300153	
node225	node218	17.803521	19.952614	20.331322	22.787461	4.135091	
node225	node217	21.020102	13.101615	21.040445	19.569831	6.922456	
node225	node231	16.611469	16.623362	22.483467	14.933628	10.473572	
node225	node201	17.690696	14.514995	25.706041	16.340968	2.544091	
node225	node213	16.287446	17.602840	25.946001	13.043699	8.528538	
node225	node204	17.797653	22.377750	22.880666	11.496400	4.403237	
node225	node229	19.052607	22.764995	17.179350	24.635671	9.065229	
node225	node210	17.377535	24.961534	23.824214	19.275592	7.991795	
node225	node235	19.211509	12.226483	27.282566	21.219246	10.575069	
node225	node224	21.206084	18.854368	19.310239	20.607366	9.784358	
node225	node205	20.519195	22.007774	18.544031	17.635156	4.344988	
node225	node238	24.483160	17.156956	22.414635	16.039523	13.428915	
node234	node207	20.126756	17.565167	18.845253	14.297249	6.282676	
node234	node216	13.274448	28.220815	14.780310	16.638263	4.320716	
node234	node228	18.612482	28.791313	12.259452	12.593963	1.662059	
node234	node239	9.220581	21.108481	17.642529	17.594283	0.190804	
node234	node202	19.488654	17.982774	12.466545	13.940231	4.552129	
node234	node233	8.344094	25.726385	14.453829	10.322231	8.406400	
node234	node211	17.124151	29.600932	16.649153	13.168163	6.203765	
node234	node203	14.194787	19.808950	17.337056	10.276809	4.771889	
node234	node206	17.989115	28.092057	14.795015	10.472651	9.427061	
node234	node227	19.931703	24.115401	9.648156	14.953488	6.932213	
node234	node221	20.823788	19.923392	14.635306	9.347919	8.259581	
node234	node218	17.415913	30.510703	13.145209	17.169437	8.203687	
node234	node217	29.978999	21.704690	20.179427	11.441763	-0.179949	
node234	node231	18.813053	22.966429	23.694407	12.494140	8.218466	
node234	node201	16.628581	26.173556	14.546661	19.146755	10.591952	
node234	node213	14.855912	30.354603	17.013477	14.472064	2.997778	
node234	node204	25.443980	31.079789	14.034200	11.510239	5.641068	
node234	node229	21.531151	30.661393	15.538077	14.683269	4.384521	
node234	node210	20.093175	34.484460	13.873963	10.581536	3.530837	
node234	node235	14.913586	21.073009	19.253964	14.325037	0.873595	
node234	node224	17.555715	24.778481	12.488660	16.630609	5.810873	
node234	node205	24.984101	23.031569	18.506126	16.446999	10.889539	
node234	node238	22.920678	29.701566	16.143939	14.590071	7.704366	
node207	node216	14.544226	14.536715	23.934254	15.080384	10.815727	
node207	node228	17.695602	16.094758	20.167254	14.339938	5.220309	
node207	node239	6.365808	12.025091	32.515467	15.807022	10.116514	
node207	node202	18.898082	14.543309	17.817477	11.973303	13.947565	
node207	node233	9.995385	16.045335	22.760003	6.723832	10.513607	
node207	node211	11.134736	12.214503	25.475808	15.638696	10.921592	
node207	node203	15.227332	12.404648	28.269044	13.408121	9.859940	
node207	node206	19.148034	14.814780	27.210706	10.673283	15.807978	
node207	node227	24.644803	16.302554	18.952775	15.795702	13.251945	
node207	node221	18.043037	10.839853	21.894228	9.760550	15.596514	
node207	node218	9.726492	13.695094	25.158341	14.087721	13.364477	
node207	node217	19.514176	8.110894	31.206432	9.764221	6.257920	
node207	node231	17.076109	16.007813	28.808134	8.514599	16.267193	
node207	node201	12.674839	14.198151	27.796860	11.517112	5.702773	
node207	node213	14.029657	14.639539	27.184895	13.754219	9.344083	
node207	node204	22.695775	11.866363	27.745342	11.773158	11.222710	
node207	node229	18.643736	15.746886	20.414997	12.456024	13.791030	
node207	node210	23.022333	16.704088	26.772263	9.251278	7.640445	
node207	node235	12.911234	21.472457	27.053597	12.800903	11.527587	
node207	node224	14.113403	19.073809	20.113789	12.261045	14.636549	
node207	node205	20.420074	13.298142	23.111011	14.737707	9.097164	
node207	node238	25.478325	12.501163	25.861500	10.622918	16.620677	
node216	node228	8.269066	19.173275	16.836982	25.384028	6.720697	
node216	node239	4.886362	17.596318	20.043162	22.966733	8.206973	
node216	node202	8.147884	13.312303	15.722519	21.248088	12.764939	
node216	node233	9.201002	20.910380	13.096812	17.610324	15.695227	
node216	node211	12.543106	19.717952	21.705300	17.273152	9.684442	
node216	node203	11.727925	10.533431	20.722370	12.558471	13.810305	
node216	node206	11.619451	18.060387	17.025498	14.540002	10.469530	
node216	node227	9.411154	24.461409	17.417796	19.144966	9.551118	
node216	node221	15.697238	15.836864	13.152885	16.115999	12.428568	
node216	node218	8.398720	19.670336	21.989398	18.803822	9.154262	
node216	node217	15.880946	12.693787	27.902418	17.556508	4.719186	
node216	node231	8.658228	17.489227	20.776259	12.671486	10.220234	
node216	node201	10.360351	18.838144	24.275682	19.554316	9.197975	
node216	node213	17.453123	23.344985	18.253488	19.321571	10.085296	
node216	node204	19.294267	29.418202	23.858062	15.347490	11.105983	
node216	node229	5.226480	22.893711	17.280564	20.197684	12.622862	
node216	node210	17.000930	29.370196	24.689335	13.663731	7.289906	
node216	node235	6.959162	18.359718	25.306344	19.542713	8.367769	
node216	node224	17.149960	25.664059	13.613656	19.969346	12.082407	
node216	node205	13.002652	23.738134	21.719577	21.868157	12.908247	
node216	node238	18.620863	22.006113	19.665421	15.760371	18.885821	
node228	node239	5.930204	15.433225	21.816278	22.368564	7.077101	
node228	node202	15.142212	12.058480	16.230654	28.297808	8.394154	
node228	node233	10.835638	23.089640	12.990770	21.322405	14.221217	
node228	node211	11.605067	23.667123	19.517447	19.255898	4.734578	
node228	node203	19.114547	13.524860	16.871941	16.246184	7.015844	
node228	node206	14.672053	18.554397	16.244724	16.597289	6.840648	
node228	node227	21.014673	17.335284	12.630079	21.761513	1.932522	
node228	node221	11.532487	18.349527	16.942039	20.335887	2.096377	
node228	node218	15.852570	22.876783	14.540802	19.811652	3.637921	
node228	node217	21.201404	17.354802	21.734451	19.313854	4.083062	
node228	node231	16.085741	18.223776	20.416755	19.612683	9.918375	
node228	node201	16.402144	16.673437	19.853765	20.411595	5.314223	
node228	node213	17.908892	19.190740	23.869374	23.132160	7.896149	
node228	node204	18.906203	24.258280	19.250210	19.813936	4.766544	
node228	node229	18.276516	24.790757	17.287807	22.881748	9.317824	
node228	node210	19.452939	25.244885	22.584682	16.792625	1.901052	
node228	node235	18.731162	20.992439	21.044550	22.750906	8.842948	
node228	node224	9.196605	26.188183	16.963466	21.027271	11.119264	
node228	node205	15.426217	20.738723	19.143341	24.893267	4.749385	
node228	node238	12.642460	19.424064	14.984889	17.323078	17.391243	
node239	node202	8.658113	17.623855	20.231078	25.397277	10.250938	
node239	node233	4.404452	17.425097	20.436349	23.847194	13.553964	
node239	node211	7.563479	15.743321	23.516459	17.560265	3.079069	
node239	node203	4.862289	16.787417	25.217828	15.821693	8.470869	
node239	node206	10.192814	15.002334	22.112817	19.628090	7.484101	
node239	node227	8.582554	15.358481	17.571515	28.709193	1.794828	
node239	node221	9.925057	16.865818	20.867314	27.230211	6.580890	
node239	node218	7.124011	22.622085	23.584290	27.816126	3.444899	
node239	node217	11.865910	13.286870	28.023150	28.016243	14.978226	
node239	node231	7.816460	18.091973	25.833310	17.461371	10.504178	
node239	node201	11.516602	13.199208	23.826255	24.001091	4.636583	
node239	node213	5.756181	16.842563	28.638478	22.737799	10.654724	
node239	node204	9.713702	13.994274	20.667585	21.130001	8.311380	
node239	node229	8.427462	16.506618	15.662891	23.825333	9.824353	
node239	node210	9.390290	16.949017	23.132935	22.291822	12.525093	
node239	node235	11.133573	17.400994	24.429531	24.415662	8.067977	
node239	node224	10.040808	19.373197	19.744954	28.727263	17.637968	
node239	node205	7.458557	18.728000	20.755946	24.346411	13.305535	
node239	node238	8.949405	10.965977	23.333248	25.622223	19.865730	
node202	node233	7.864078	14.850674	17.854346	24.886181	13.226325	
node202	node211	12.456309	18.138874	18.116971	17.903576	7.022523	
node202	node203	14.078185	15.704164	19.621684	13.682784	11.766646	
node202	node206	16.903124	12.128488	16.055907	15.001803	10.050557	
node202	node227	13.026725	20.809988	17.125907	21.170668	7.316083	
node202	node221	13.755876	17.085309	14.038143	23.603984	15.078856	
node202	node218	12.278276	20.317067	19.682722	21.012059	12.428270	
node202	node217	20.597700	12.818919	20.659504	24.392176	5.622122	
node202	node231	12.346208	13.483038	26.254623	23.793874	15.716794	
node202	node201	12.484956	13.796771	18.379619	23.042985	9.220645	
node202	node213	11.582034	22.889952	21.614701	24.961575	9.707381	
node202	node204	18.039931	12.141329	20.575177	19.896018	7.125349	
node202	node229	15.320641	15.610092	15.529311	23.113086	14.449448	
node202	node210	17.965550	22.645505	18.996882	21.163728	12.145834	
node202	node235	16.036572	17.507188	14.436718	20.853744	13.371495	
node202	node224	12.086769	19.769476	13.533754	22.558507	16.846371	
node202	node205	16.691431	15.562569	19.247259	27.699075	9.178759	
node202	node238	15.623512	17.871609	17.485976	19.513910	18.867500	
node233	node211	8.502510	19.947435	17.842266	12.740284	11.661459	
node233	node203	15.944182	17.781555	16.267309	18.580374	15.094550	
node233	node206	7.292418	20.377382	17.656951	16.253971	21.161605	
node233	node227	9.582833	23.030042	16.608374	20.320651	7.983842	
node233	node221	10.877614	16.355222	19.762085	23.292927	9.689830	
node233	node218	7.985774	20.542743	16.275971	18.592936	9.887117	
node233	node217	12.265036	17.140010	22.424845	23.031578	13.173741	
node233	node231	10.992667	16.799259	25.143638	18.389689	8.318852	
node233	node201	9.407867	19.284339	21.667801	23.446520	12.312734	
node233	node213	11.190252	20.245969	22.682601	21.981412	13.470611	
node233	node204	15.466511	20.357530	19.044215	19.308717	15.989700	
node233	node229	12.572561	23.133644	13.680701	27.686106	8.518409	
node233	node210	10.375003	22.030423	18.911033	20.851567	3.594547	
node233	node235	13.896868	24.859868	19.368540	22.870766	9.035705	
node233	node224	11.735596	27.483537	15.189780	21.607486	13.923551	
node233	node205	7.528097	25.722922	17.764900	24.068226	16.042634	
node233	node238	12.515320	21.499096	20.299929	14.141797	16.931157	
node211	node203	15.511202	17.438164	25.059293	10.223895	13.662265	
node211	node206	14.132553	24.116429	20.148601	10.981953	14.533619	
node211	node227	13.876678	25.382829	17.218826	13.464247	8.520357	
node211	node221	15.215306	15.419128	21.480860	14.482738	9.683927	
node211	node218	16.368202	28.792316	21.536859	14.097965	10.228115	
node211	node217	16.561954	17.576312	30.267879	10.986649	3.951109	
node211	node231	11.319371	15.237254	29.440365	12.835867	9.305753	
node211	node201	18.061334	21.406324	19.392529	13.868431	7.948489	
node211	node213	12.972425	24.054842	22.570556	13.589121	9.801414	
node211	node204	20.031892	25.531564	19.994946	13.531806	7.104116	
node211	node229	12.418795	15.079387	19.945070	16.562555	10.044356	
node211	node210	14.993096	26.645915	21.263115	12.634208	5.931227	
node211	node235	15.029817	20.894996	26.832304	16.569542	11.673829	
node211	node224	16.550195	25.405199	19.246658	13.630977	12.909002	
node211	node205	15.617136	17.423611	20.354467	13.903451	9.692263	
node211	node238	21.376001	27.339640	20.808800	13.108570	11.296963	
node203	node206	19.898676	15.716587	22.594423	14.832190	10.816653	
node203	node227	18.793804	18.812104	20.093951	16.540585	7.214484	
node203	node221	18.273192	12.491496	22.717729	13.164786	10.107213	
node203	node218	18.188363	23.037805	28.335398	12.535939	6.837396	
node203	node217	19.245269	12.164684	28.001503	13.640510	8.406638	
node203	node231	15.000894	15.466462	24.072233	14.137731	12.807687	
node203	node201	18.584658	16.678609	18.916601	18.966890	10.343593	
node203	node213	13.243118	22.334101	20.609532	13.671399	11.132606	
node203	node204	18.705879	12.667905	23.060684	16.706964	5.559533	
node203	node229	15.679537	17.341675	21.484809	19.369427	14.927832	
node203	node210	18.619724	14.276774	18.233693	12.768074	5.160656	
node203	node235	24.132959	17.728587	27.615350	14.823931	7.875113	
node203	node224	14.332914	20.182858	22.179847	11.245675	16.175589	
node203	node205	13.980755	21.013001	22.162241	18.557071	12.973949	
node203	node238	20.991524	11.663891	25.116759	9.378947	17.138580	
node206	node227	19.075456	22.575439	15.748336	18.048587	10.570823	
node206	node221	23.398874	15.494467	22.183711	12.778683	14.634073	
node206	node218	18.147865	20.726228	14.393522	17.222204	14.146769	
node206	node217	17.203780	17.273374	20.507196	14.227079	11.214081	
node206	node231	11.440535	20.667062	32.212684	11.067142	12.746086	
node206	node201	19.979390	21.624856	20.082629	17.575316	13.822955	
node206	node213	10.686699	20.953920	22.132862	15.718560	12.538425	
node206	node204	19.860908	19.244209	22.112991	13.397762	13.442379	
node206	node229	17.186959	17.152191	15.025142	14.611484	10.302549	
node206	node210	20.549019	20.976124	19.647312	12.827342	4.368118	
node206	node235	18.460050	21.143337	20.736106	15.879594	10.130341	
node206	node224	17.166496	21.076439	17.569805	17.315112	15.817888	
node206	node205	20.070805	18.105240	16.662356	18.868242	14.818007	
node206	node238	23.109405	21.427045	19.660625	13.218716	10.816014	
node227	node221	20.476788	15.259264	17.639381	23.355051	10.198098	
node227	node218	15.545550	25.168948	22.732916	19.401780	8.633148	
node227	node217	20.535816	18.926085	19.756153	20.749565	1.994448	
node227	node231	19.080124	22.603678	14.768684	12.761645	10.855920	
node227	node201	20.529946	19.443198	22.474220	18.041934	4.116390	
node227	node213	18.059317	29.850741	15.540533	22.442236	8.556155	
node227	node204	17.716660	27.531521	19.638017	19.465467	11.348275	
node227	node229	20.956249	19.122481	15.954785	16.115928	10.705533	
node227	node210	22.339154	30.658794	19.043890	15.265819	2.701154	
node227	node235	19.038042	20.541217	17.714644	20.436873	6.381992	
node227	node224	14.024701	28.339371	17.657905	20.570437	12.424810	
node227	node205	18.069985	25.103036	17.651462	20.982261	12.780897	
node227	node238	21.922696	24.845665	18.065764	20.614422	13.706304	
node221	node218	11.541262	15.558522	16.665524	18.263949	12.279397	
node221	node217	20.605202	13.425614	21.407824	20.707658	4.255985	
node221	node231	16.355438	20.626315	23.239383	15.772865	14.691006	
node221	node201	21.917248	9.018676	15.014896	19.726425	13.850784	
node221	node213	12.390727	20.015303	23.033089	18.603142	9.962068	
node221	node204	20.502633	17.876720	17.334031	18.686153	10.448950	
node221	node229	18.856616	22.286350	13.835423	22.955132	16.305190	
node221	node210	22.834337	26.504703	16.143123	19.928331	11.355210	
node221	node235	15.908438	18.301130	22.278112	19.283694	9.336974	
node221	node224	20.035175	21.611548	19.760619	18.703312	13.888732	
node221	node205	14.603585	19.778288	16.712842	13.681627	14.304491	
node221	node238	22.122434	18.094640	19.341033	16.662406	14.232841	
node218	node217	16.829118	17.729377	26.679856	20.818964	4.978860	
node218	node231	12.498278	20.797710	18.714661	17.046437	15.796185	
node218	node201	18.649257	17.223305	22.832049	21.256167	13.873300	
node218	node213	15.452663	24.080980	19.888646	23.198919	9.827461	
node218	node204	14.858208	23.233304	21.307379	15.327703	10.055837	
node218	node229	10.579003	19.084104	19.348899	23.867033	11.458614	
node218	node210	10.606969	21.888636	19.616742	19.073613	5.772836	
node218	node235	19.119253	19.446514	23.984926	22.200009	13.134038	
node218	node224	14.757808	25.207394	17.453816	26.547146	12.126214	
node218	node205	18.556925	24.846448	22.463186	28.745662	10.391637	
node218	node238	19.990406	24.275460	20.258759	14.979602	12.229187	
node217	node231	20.602500	15.205737	29.738472	16.079248	9.397927	
node217	node201	21.704039	12.634762	27.499686	16.706131	8.489686	
node217	node213	22.363759	20.066146	23.474823	20.609273	8.776014	
node217	node204	19.883364	15.582485	30.123955	9.897370	7.627987	
node217	node229	21.068849	14.296038	23.775420	23.098603	7.858813	
node217	node210	26.148597	17.860390	27.203076	21.585978	5.408197	
node217	node235	20.822173	13.223750	30.095956	23.844458	6.091496	
node217	node224	21.766069	19.345348	20.692858	16.396466	14.871934	
node217	node205	26.221538	17.339562	28.376594	24.358750	9.675173	
node217	node238	25.678049	16.511421	24.277358	19.541660	8.279922	
node231	node201	19.440834	16.022956	28.401858	14.330344	8.009805	
node231	node213	14.762487	22.477732	32.153404	16.461172	11.040575	
node231	node204	15.619264	17.584748	27.410048	11.259741	7.913345	
node231	node229	16.051898	19.142477	22.320010	21.496882	18.791674	
node231	node210	16.696376	22.207757	21.898043	16.557166	11.999403	
node231	node235	11.392120	18.795138	25.401176	22.281147	10.882997	
node231	node224	9.978564	21.957232	21.365606	15.460356	17.899201	
node231	node205	13.742763	17.796431	27.574166	18.201170	10.498186	
node231	node238	16.941953	15.487554	22.253927	15.072128	23.224236	
node201	node213	18.196507	25.049224	27.592547	19.715192	9.833406	
node201	node204	19.550297	14.308035	28.272094	25.023951	7.926049	
node201	node229	18.832593	15.454457	21.877836	26.258059	10.326374	
node201	node210	17.243159	22.171796	25.843394	18.575117	5.899370	
node201	node235	22.004155	21.987168	23.282912	17.834154	5.187077	
node201	node224	15.243215	18.832839	19.397866	24.997292	12.050030	
node201	node205	16.849524	16.685831	28.258094	25.203913	16.830285	
node201	node238	23.000696	15.892568	25.487362	15.626341	11.806067	
node213	node204	16.252106	21.540171	25.103234	14.720185	6.392041	
node213	node229	15.626220	22.520956	18.736515	19.778828	14.216398	
node213	node210	15.642328	33.867508	27.227938	14.451105	6.404965	
node213	node235	17.713449	21.788682	25.438607	20.066972	16.071295	
node213	node224	14.283654	27.566498	23.037436	21.280817	15.613666	
node213	node205	15.576856	26.564868	24.833351	24.527824	12.870453	
node213	node238	19.488549	22.511891	23.258258	14.052265	16.976966	
node204	node229	19.436301	25.592797	15.541978	22.621246	6.760597	
node204	node210	20.533012	32.692253	26.162712	14.159491	5.729210	
node204	node235	15.750493	16.170238	22.387740	13.737106	10.326832	
node204	node224	14.709130	26.958509	17.774444	21.716854	13.456172	
node204	node205	19.668769	22.325532	27.300370	21.140728	13.523302	
node204	node238	23.919608	22.525603	21.137893	15.976440	15.579466	
node229	node210	17.886219	29.144293	19.551882	25.174176	9.550499	
node229	node235	19.404345	18.637005	21.122759	26.636704	12.159391	
node229	node224	14.502294	24.565932	18.026850	21.487374	17.175680	
node229	node205	17.071432	22.574163	18.225155	28.991817	16.551614	
node229	node238	17.429256	19.545180	15.540446	20.691886	21.256264	
node210	node235	13.883002	24.476997	23.572446	23.187793	9.102760	
node210	node224	16.057305	28.960756	17.835895	16.528005	14.014759	
node210	node205	18.412393	25.833066	20.629910	20.567806	8.223040	
node210	node238	23.142602	22.746784	23.779775	15.726945	14.659861	
node235	node224	19.997126	26.815224	23.636804	20.614006	17.383907	
node235	node205	13.947137	24.546168	19.243705	23.677910	8.195532	
node235	node238	17.294708	16.142026	24.906013	14.919587	14.995312	
node224	node205	17.639110	32.911554	16.710495	26.430606	19.644632	
node224	node238	20.851570	26.750209	17.643188	15.926246	25.011821	
node205	node238	28.096172	18.954555	23.577643	17.960179	16.506469	
